1 0 0 2 1 0
0.987553 25.0466 25.0466 1 1 0
0.976918 23.9729 23.9729 1 1 0
0.958881 22.6023 22.6023 1 1 0
0.929868 21.1079 21.1079 2 1 0
0.894339 19.9258 19.9258 2 1 0
0.834833 18.7329 18.7329 2 1 0
0.763691 17.9394 17.9394 2 1 0
0.681455 17.4538 17.4538 2 1 0
0.55469 17.1939 17.1939 2 1 0
0.365272 17.4603 17.4603 2 1 0
0.100887 18.8585 18.8585 2 1 0
-0.140817 21.5227 21.5227 2 1 0
0.929867 21.1079 21.1079 4 2 0
0.929884 21.109 21.109 4 2 0
0.929884 21.109 21.109 3 2 0
0.929696 21.1103 21.1103 3 2 0
0.928574 21.1179 21.1179 3 2 0
0.925073 21.1414 21.1414 3 2 0
0.916033 21.1988 21.1988 3 2 0
0.897203 21.3029 21.3029 3 2 0
0.872989 21.4055 21.4055 3 2 0
0.844886 21.484 21.484 3 2 0
0.813582 21.5296 21.5296 3 2 0
0.779217 21.5426 21.5426 3 2 0
0.741595 21.5275 21.5275 3 2 0
0.700291 21.4902 21.4902 3 2 0
0.654678 21.4378 21.4378 3 2 0
0.603896 21.3778 21.3778 3 2 0
0.546774 21.3197 21.3197 3 2 0
0.481655 21.2758 21.2758 3 2 0
0.406018 21.2643 21.2643 3 2 0
0.315488 21.3161 21.3161 3 2 0
0.199901 21.4961 21.4961 3 2 0
0.133662 21.6564 21.6564 3 2 0
0.068817 21.8429 21.8429 3 2 0
0.0194659 21.9833 21.9833 3 2 0
-0.0136984 22.0564 22.0564 3 2 0
