1 4.58153 4.58153 2 1 0
0.987553 4.57643 4.57643 1 1 0
0.976918 4.57276 4.57276 1 1 0
0.958881 4.56757 4.56757 1 1 0
0.929868 4.56095 4.56095 2 1 0
0.894339 4.55456 4.55456 2 1 0
0.834833 4.54614 4.54614 2 1 0
0.763691 4.53804 4.53804 2 1 0
0.681455 4.53002 4.53002 2 1 0
0.55469 4.519 4.519 2 1 0
0.365272 4.50338 4.50338 2 1 0
0.100887 4.47983 4.47983 2 1 0
-0.140817 4.45225 4.45225 2 1 0
0.929867 4.56095 4.56095 4 2 0
0.929884 4.56759 4.55435 4 2 0
0.929884 4.56761 4.55433 3 2 0
0.929696 4.59447 4.52822 3 2 0
0.928574 4.64963 4.47737 3 2 0
0.925073 4.73585 4.40433 3 2 0
0.916033 4.8727 4.30161 3 2 0
0.897203 5.07441 4.16765 3 2 0
0.872989 5.28396 4.03888 3 2 0
0.844886 5.49582 3.9112 3 2 0
0.813582 5.70528 3.77937 3 2 0
0.779217 5.90844 3.64371 3 2 0
0.741595 6.10237 3.50005 3 2 0
0.700291 6.28263 3.34857 3 2 0
0.654678 6.44494 3.18656 3 2 0
0.603896 6.59093 3.01264 3 2 0
0.546774 6.70836 2.82558 3 2 0
0.481655 6.79503 2.6237 3 2 0
0.406018 6.83736 2.40606 3 2 0
0.315488 6.82189 2.17286 3 2 0
0.199901 6.70905 1.93988 3 2 0
0.133662 6.60402 1.85238 3 2 0
0.068817 6.46541 1.82778 3 2 0
0.0194659 6.32897 1.88228 3 2 0
-0.0136984 6.21341 1.98543 3 2 0
