0.15 5.36098 5.36098 2 1 0
0.148814 5.354 5.354 1 1 0
0.147628 5.34703 5.34703 1 1 0
0.145256 5.33308 5.33308 1 1 0
0.140514 5.30518 5.30518 1 1 0
0.131039 5.24938 5.24938 1 1 0
0.116259 5.16216 5.16216 1 1 0
0.108023 5.11348 5.11348 2 1 0
0.0932902 5.02623 5.02623 2 1 0
0.0785862 4.93897 4.93897 2 1 0
0.0639115 4.85169 4.85169 2 1 0
0.049266 4.7644 4.7644 2 1 0
0.0346499 4.67709 4.67709 2 1 0
0.0200633 4.58978 4.58978 2 1 0
0.00550688 4.50245 4.50245 2 1 0
-0.00901902 4.41512 4.41512 2 1 0
0.108023 5.11348 5.11348 4 2 0
0.108082 5.12033 5.10731 4 2 0
0.108081 5.12408 5.10353 3 2 0
0.108063 5.14989 5.07722 4 2 0
0.107966 5.20065 5.02373 3 2 0
0.107667 5.27466 4.94137 3 2 0
0.106876 5.38076 4.81316 3 2 0
0.105092 5.51793 4.62637 3 2 0
0.102511 5.64308 4.43048 3 2 0
0.0991336 5.75696 4.22682 3 2 0
0.094955 5.85964 4.01677 3 2 0
0.0899655 5.95072 3.80184 3 2 0
0.0841492 6.03042 3.58273 3 2 0
0.0774828 6.09888 3.36216 3 2 0
0.0699379 6.15609 3.14256 3 2 0
0.0614843 6.20236 2.92609 3 2 0
0.0520982 6.23874 2.71649 3 2 0
0.0417751 6.26373 2.51661 3 2 0
0.0305445 6.27737 2.32932 3 2 0
0.0184825 6.27975 2.15486 3 2 0
0.00571241 6.27158 1.99696 3 2 0
-0.00761329 6.25383 1.85643 3 2 0
