0.2 0 0 2 1 0
0.200211 35.8615 35.8615 1 1 0
0.200423 35.7147 35.7147 1 1 0
0.200847 35.4266 35.4266 1 1 0
0.2017 34.8715 34.8715 1 1 0
0.203425 33.8378 33.8378 1 1 0
0.206171 32.3998 32.3998 1 1 0
0.208982 31.1401 31.1401 1 1 0
0.211861 30.0264 30.0264 1 1 0
0.214811 29.0336 29.0336 1 1 0
0.217835 28.1424 28.1424 1 1 0
0.220938 27.3373 27.3373 1 1 0
0.224122 26.6061 26.6061 1 1 0
0.227391 25.9387 25.9387 1 1 0
0.230751 25.3269 25.3269 1 1 0
0.234205 24.7639 24.7639 1 1 0
0.237757 24.2441 24.2441 1 1 0
0.241412 23.7627 23.7627 1 1 0
0.245176 23.3155 23.3155 1 1 0
0.249054 22.8992 22.8992 1 1 0
0.253052 22.5107 22.5107 1 1 0
0.257174 22.1474 22.1474 1 1 0
0.261429 21.8072 21.8072 1 1 0
0.263719 21.6369 21.6369 2 1 0
0.268187 21.328 21.328 2 1 0
0.272806 21.0376 21.0376 2 1 0
0.277581 20.7643 20.7643 2 1 0
0.282523 20.5067 20.5067 2 1 0
0.28764 20.2639 20.2639 2 1 0
0.292942 20.0347 20.0347 2 1 0
0.298439 19.8184 19.8184 2 1 0
0.304142 19.6141 19.6141 2 1 0
0.310065 19.4211 19.4211 2 1 0
0.316219 19.2388 19.2388 2 1 0
0.322618 19.0666 19.0666 2 1 0
0.329279 18.9041 18.9041 2 1 0
0.336217 18.7507 18.7507 2 1 0
0.34345 18.6061 18.6061 2 1 0
0.350998 18.4699 18.4699 2 1 0
0.358882 18.3418 18.3418 2 1 0
0.367125 18.2216 18.2216 2 1 0
0.375753 18.1089 18.1089 2 1 0
0.384792 18.0036 18.0036 2 1 0
0.394274 17.9055 17.9055 2 1 0
0.404231 17.8145 17.8145 2 1 0
0.414701 17.7304 17.7304 2 1 0
0.425725 17.6532 17.6532 2 1 0
0.437347 17.5829 17.5829 2 1 0
0.449619 17.5193 17.5193 2 1 0
0.462595 17.4627 17.4627 2 1 0
0.476339 17.4129 17.4129 2 1 0
0.49092 17.3702 17.3702 2 1 0
0.506419 17.3345 17.3345 2 1 0
0.522924 17.3063 17.3063 2 1 0
0.540537 17.2855 17.2855 2 1 0
0.559373 17.2727 17.2727 2 1 0
0.579564 17.268 17.268 2 1 0
0.601261 17.272 17.272 2 1 0
0.624639 17.2851 17.2851 2 1 0
0.649901 17.3081 17.3081 2 1 0
0.677284 17.3415 17.3415 2 1 0
0.707063 17.3864 17.3864 2 1 0
0.739568 17.4438 17.4438 2 1 0
0.775186 17.515 17.515 2 1 0
0.814385 17.6017 17.6017 2 1 0
0.857724 17.7056 17.7056 2 1 0
0.905889 17.8293 17.8293 2 1 0
0.959717 17.9758 17.9758 2 1 0
1.02024 18.1487 18.1487 2 1 0
1.08877 18.3528 18.3528 2 1 0
1.16691 18.5944 18.5944 2 1 0
1.25675 18.8815 18.8815 2 1 0
1.36092 19.2248 19.2248 2 1 0
1.48278 19.6389 19.6389 2 1 0
1.62662 20.1435 20.1435 2 1 0
1.79769 20.7659 20.7659 2 1 0
2.00213 21.5434 21.5434 2 1 0
2.13354 22.0638 22.0638 1 1 0
2.40213 23.1907 23.1907 1 1 0
2.71707 24.6378 24.6378 1 1 0
3.07695 26.5127 26.5127 1 1 0
0.263719 21.6369 21.6369 4 2 0
0.263702 21.6382 21.6382 4 2 0
0.263702 21.6382 21.6382 3 2 0
0.263707 21.6385 21.6385 4 2 0
0.263736 21.6398 21.6398 3 2 0
0.263824 21.6441 21.6441 3 2 0
0.264058 21.6552 21.6552 3 2 0
0.264589 21.6796 21.6796 3 2 0
0.26536 21.7135 21.7135 3 2 0
0.266377 21.7552 21.7552 3 2 0
0.267646 21.8029 21.8029 3 2 0
0.269178 21.8542 21.8542 3 2 0
0.270987 21.9066 21.9066 3 2 0
0.273092 21.9572 21.9572 3 2 0
0.275516 22.0033 22.0033 3 2 0
0.278285 22.0418 22.0418 3 2 0
0.28143 22.0698 22.0698 3 2 0
0.284978 22.0851 22.0851 3 2 0
0.288948 22.0858 22.0858 3 2 0
0.293349 22.0715 22.0715 3 2 0
0.298169 22.043 22.043 3 2 0
0.303386 22.0026 22.0026 3 2 0
0.308971 21.9534 21.9534 3 2 0
0.314898 21.8984 21.8984 3 2 0
0.321152 21.8407 21.8407 3 2 0
0.327726 21.7824 21.7824 3 2 0
0.334621 21.7252 21.7252 3 2 0
0.341845 21.6704 21.6704 3 2 0
0.349407 21.6188 21.6188 3 2 0
0.357323 21.5709 21.5709 3 2 0
0.36561 21.5272 21.5272 3 2 0
0.374288 21.488 21.488 3 2 0
0.383379 21.4533 21.4533 3 2 0
0.392908 21.4232 21.4232 3 2 0
0.402901 21.3979 21.3979 3 2 0
0.413389 21.3772 21.3772 3 2 0
0.424405 21.3612 21.3612 3 2 0
0.435982 21.3499 21.3499 3 2 0
0.448162 21.3431 21.3431 3 2 0
0.460986 21.3407 21.3407 3 2 0
0.474501 21.3428 21.3428 3 2 0
0.488759 21.3491 21.3491 3 2 0
0.503817 21.3597 21.3597 3 2 0
0.519738 21.3742 21.3742 3 2 0
0.53659 21.3926 21.3926 3 2 0
0.554453 21.4148 21.4148 3 2 0
0.573412 21.4406 21.4406 3 2 0
0.593563 21.4697 21.4697 3 2 0
0.615017 21.5021 21.5021 3 2 0
0.637895 21.5374 21.5374 3 2 0
0.662338 21.5755 21.5755 3 2 0
0.688504 21.6162 21.6162 3 2 0
0.716578 21.6591 21.6591 3 2 0
0.746769 21.7039 21.7039 3 2 0
0.779324 21.7505 21.7505 3 2 0
0.814531 21.7984 21.7984 3 2 0
0.852728 21.8473 21.8473 3 2 0
0.894319 21.8968 21.8968 3 2 0
0.939787 21.9465 21.9465 3 2 0
0.989716 21.996 21.996 3 2 0
1.04482 22.0448 22.0448 3 2 0
1.10598 22.0922 22.0922 3 2 0
1.17428 22.1376 22.1376 3 2 0
1.25108 22.1799 22.1799 3 2 0
1.3381 22.2172 22.2172 3 2 0
1.43744 22.2466 22.2466 3 2 0
1.5515 22.2618 22.2618 3 2 0
1.68237 22.2527 22.2527 3 2 0
1.8295 22.2102 22.2102 3 2 0
1.98353 22.1411 22.1411 3 2 0
2.10934 22.0764 22.0764 3 2 0
2.13333 22.0638 22.0638 3 2 0
2.06184 22.1012 22.1012 3 2 0
2.05279 22.1059 22.1059 3 2 0
1.90663 22.1778 22.1778 3 2 0
1.75235 22.2363 22.2363 3 2 0
1.6126 22.2611 22.2611 3 2 0
1.49039 22.2562 22.2562 3 2 0
1.38421 22.2326 22.2326 3 2 0
1.29153 22.1986 22.1986 3 2 0
1.21003 22.1584 22.1584 3 2 0
1.13783 22.1143 22.1143 3 2 0
1.07339 22.0678 22.0678 3 2 0
1.0155 22.0196 22.0196 3 2 0
0.963179 21.9703 21.9703 3 2 0
0.915648 21.9207 21.9207 3 2 0
0.87226 21.871 21.871 3 2 0
0.832487 21.8218 21.8218 3 2 0
0.795889 21.7733 21.7733 3 2 0
0.762099 21.7261 21.7261 3 2 0
0.730805 21.6804 21.6804 3 2 0
0.701742 21.6365 21.6365 3 2 0
0.674684 21.5948 21.5948 3 2 0
0.649434 21.5554 21.5554 3 2 0
0.625823 21.5187 21.5187 3 2 0
0.603701 21.4849 21.4849 3 2 0
0.582939 21.4542 21.4542 3 2 0
0.56342 21.4268 21.4268 3 2 0
0.545042 21.4028 21.4028 3 2 0
0.527714 21.3826 21.3826 3 2 0
0.511355 21.3661 21.3661 3 2 0
0.495891 21.3537 21.3537 3 2 0
0.481256 21.3453 21.3453 3 2 0
0.46739 21.3412 21.3412 3 2 0
0.45424 21.3414 21.3414 3 2 0
0.441757 21.346 21.346 3 2 0
0.429895 21.3552 21.3552 3 2 0
0.418614 21.3689 21.3689 3 2 0
0.407877 21.3874 21.3874 3 2 0
0.39765 21.4104 21.4104 3 2 0
0.387902 21.4382 21.4382 3 2 0
0.378604 21.4707 21.4707 3 2 0
0.369731 21.5078 21.5078 3 2 0
0.361259 21.5494 21.5494 3 2 0
0.353167 21.5953 21.5953 3 2 0
0.345437 21.6451 21.6451 3 2 0
0.338054 21.6985 21.6985 3 2 0
0.331003 21.7546 21.7546 3 2 0
0.324277 21.8126 21.8126 3 2 0
0.317871 21.8708 21.8708 3 2 0
0.311788 21.9274 21.9274 3 2 0
0.30604 21.9798 21.9798 3 2 0
0.300646 22.0248 22.0248 3 2 0
0.295634 22.0593 22.0593 3 2 0
0.291029 22.0807 22.0807 3 2 0
0.286849 22.0873 22.0873 3 2 0
0.283097 22.0789 22.0789 3 2 0
0.279758 22.0568 22.0568 3 2 0
0.276809 22.023 22.023 3 2 0
0.274221 21.9802 21.9802 3 2 0
0.271965 21.9314 21.9314 3 2 0
0.270016 21.8795 21.8795 3 2 0
0.268352 21.8273 21.8273 3 2 0
0.266957 21.7776 21.7776 3 2 0
0.26582 21.7327 21.7327 3 2 0
0.264931 21.6948 21.6948 3 2 0
0.264284 21.6657 21.6657 3 2 0
0.263877 21.6466 21.6466 3 2 0
0.263707 21.6385 21.6385 3 2 0
0.263773 21.6416 21.6416 3 2 0
0.263774 21.6417 21.6417 3 2 0
0.264076 21.656 21.656 3 2 0
0.264617 21.6809 21.6809 3 2 0
0.265399 21.7151 21.7151 3 2 0
0.266427 21.7572 21.7572 3 2 0
0.267707 21.805 21.805 3 2 0
0.269251 21.8564 21.8564 3 2 0
0.271072 21.9088 21.9088 3 2 0
0.27319 21.9593 21.9593 3 2 0
0.275628 22.0051 22.0051 3 2 0
0.278414 22.0432 22.0432 3 2 0
0.281576 22.0708 22.0708 3 2 0
0.285141 22.0854 22.0854 3 2 0
0.289131 22.0855 22.0855 3 2 0
0.29355 22.0705 22.0705 3 2 0
0.298388 22.0415 22.0415 3 2 0
0.303621 22.0007 22.0007 3 2 0
0.309221 21.9511 21.9511 3 2 0
0.315163 21.896 21.896 3 2 0
0.321431 21.8381 21.8381 3 2 0
0.328019 21.7798 21.7798 3 2 0
0.334928 21.7228 21.7228 3 2 0
0.342166 21.6681 21.6681 3 2 0
0.349743 21.6166 21.6166 3 2 0
0.357675 21.5689 21.5689 3 2 0
0.365979 21.5255 21.5255 3 2 0
0.374674 21.4864 21.4864 3 2 0
0.383784 21.4519 21.4519 3 2 0
0.393332 21.422 21.422 3 2 0
0.403346 21.3969 21.3969 3 2 0
0.413857 21.3764 21.3764 3 2 0
0.424895 21.3606 21.3606 3 2 0
0.436498 21.3495 21.3495 3 2 0
0.448705 21.3429 21.3429 3 2 0
0.461558 21.3407 21.3407 3 2 0
0.475104 21.343 21.343 3 2 0
0.489396 21.3495 21.3495 3 2 0
0.50449 21.3602 21.3602 3 2 0
0.520449 21.3749 21.3749 3 2 0
0.537344 21.3935 21.3935 3 2 0
0.555253 21.4159 21.4159 3 2 0
0.574261 21.4418 21.4418 3 2 0
0.594467 21.4711 21.4711 3 2 0
0.615979 21.5035 21.5035 3 2 0
0.638923 21.539 21.539 3 2 0
0.663437 21.5772 21.5772 3 2 0
0.689682 21.618 21.618 3 2 0
0.717843 21.661 21.661 3 2 0
0.748131 21.7059 21.7059 3 2 0
0.780795 21.7525 21.7525 3 2 0
0.816124 21.8005 21.8005 3 2 0
0.85446 21.8494 21.8494 3 2 0
0.896208 21.8989 21.8989 3 2 0
0.941857 21.9487 21.9487 3 2 0
0.991995 21.9981 21.9981 3 2 0
1.04734 22.0469 22.0469 3 2 0
1.10878 22.0942 22.0942 3 2 0
1.17742 22.1395 22.1395 3 2 0
1.25464 22.1816 22.1816 3 2 0
1.34214 22.2187 22.2187 3 2 0
