1.5 24.9926 24.9926 2 1 0
1.52024 25.0063 25.0063 1 1 0
1.54138 25.0198 25.0198 1 1 0
1.57476 25.0396 25.0396 1 1 0
1.62867 25.0683 25.0683 1 1 0
1.64354 25.0757 25.0757 1 1 0
1.73456 25.1156 25.1156 2 1 0
1.88797 25.169 25.169 2 1 0
2.07484 25.2184 25.2184 2 1 0
1.64354 25.0757 25.0757 4 2 0
1.64357 25.1028 25.0485 3 2 0
1.64358 25.1568 24.9944 3 2 0
1.64362 25.2651 24.8853 4 2 0
1.64381 25.4805 24.666 4 2 0
1.64459 25.907 24.2231 3 2 0
1.64679 26.5363 23.5484 3 2 0
1.65043 27.178 22.8336 3 2 0
1.65548 27.8064 22.1068 3 2 0
1.662 28.4294 21.3649 3 2 0
1.67012 29.0374 20.6163 3 2 0
1.67998 29.6363 19.8535 3 2 0
1.69181 30.2376 19.0847 3 2 0
1.70594 30.8342 18.3096 3 2 0
1.7229 31.4325 17.5325 3 2 0
1.74344 32.0374 16.758 3 2 0
1.7688 32.6654 15.9915 3 2 0
1.80079 33.3227 15.2425 3 2 0
1.84177 34.0229 14.5403 3 2 0
1.89344 34.7721 13.8655 3 2 0
1.95562 35.5625 13.2508 3 2 0
2.0269 36.3823 12.7063 3 2 0
