2 4.61537 4.61537 2 1 0
1.96239 4.61593 4.61593 1 1 0
1.944 4.61456 4.61456 1 1 0
1.90721 4.61182 4.61182 1 1 0
1.83366 4.60632 4.60632 1 1 0
1.70622 4.59675 4.59675 2 1 0
1.55934 4.58567 4.58567 2 1 0
1.26599 4.56333 4.56333 2 1 0
0.827036 4.5294 4.5294 2 1 0
0.371225 4.49349 4.49349 2 1 0
-0.0830636 4.45699 4.45699 2 1 0
1.70622 4.59675 4.59675 4 2 0
1.70621 4.60352 4.58998 4 2 0
1.70621 4.60361 4.58989 3 2 0
1.70578 4.63053 4.5627 3 2 0
1.70405 4.67058 4.5216 3 2 0
1.69906 4.72991 4.45928 3 2 0
1.68615 4.81745 4.36434 3 2 0
1.65474 4.94457 4.21886 3 2 0
1.59648 5.09475 4.03474 3 2 0
1.51761 5.23829 3.84604 3 2 0
1.41939 5.37353 3.65328 3 2 0
1.30332 5.50077 3.45766 3 2 0
1.17111 5.62114 3.25986 3 2 0
1.0247 5.73473 3.06076 3 2 0
0.866287 5.84109 2.861 3 2 0
0.69849 5.93996 2.66117 3 2 0
0.524617 6.0351 2.46231 3 2 0
0.349232 6.12451 2.26552 3 2 0
0.17912 6.2088 2.06969 3 2 0
0.0244748 6.28881 1.87443 3 2 0
-0.101865 6.36497 1.68821 3 2 0
