2.5 0 0 2 1 0
2.46255 22.4711 22.4711 1 1 0
2.42522 22.4085 22.4085 1 1 0
2.35068 22.2814 22.2814 1 1 0
2.20211 22.0186 22.0186 1 1 0
2.00281 21.6438 21.6438 1 1 0
1.78326 21.1965 21.1965 2 1 0
1.45873 20.4513 20.4513 2 1 0
1.02163 19.2152 19.2152 2 1 0
0.611528 17.6147 17.6147 2 1 0
0.257321 15.3713 15.3713 2 1 0
0.123483 13.9164 13.9164 2 1 0
0.0405118 12.5728 12.5728 2 1 0
0.0212236 12.3291 12.3291 2 1 0
0.0117159 12.471 12.471 2 1 0
0.00707622 12.8589 12.8589 2 1 0
0.00463589 13.361 13.361 2 1 0
0.00313101 13.9603 13.9603 2 1 0
0.00217096 14.6267 14.6267 2 1 0
0.00153783 15.3424 15.3424 2 1 0
0.000993975 16.3639 16.3639 2 1 0
0.000588445 17.7655 17.7655 2 1 0
0.000380724 19.0672 19.0672 2 1 0
0.000253959 20.3789 20.3789 1 1 0
0.000156886 22.01 22.01 1 1 0
0.000106538 23.4995 23.4995 1 1 0
8.32955e-05 24.6192 24.6192 1 1 0
6.66528e-05 25.6852 25.6852 1 1 0
5.19546e-05 26.862 26.862 1 1 0
4.09785e-05 28.0403 28.0403 1 1 0
3.29709e-05 29.1879 29.1879 1 1 0
2.6915e-05 30.3213 30.3213 1 1 0
2.22053e-05 31.4557 31.4557 1 1 0
1.84874e-05 32.5975 32.5975 1 1 0
1.55148e-05 33.7526 33.7526 1 1 0
1.31093e-05 34.9275 34.9275 1 1 0
1.11416e-05 36.1295 36.1295 1 1 0
9.51675e-06 37.3658 37.3658 1 1 0
8.16362e-06 38.6446 38.6446 1 1 0
7.0282e-06 39.9748 39.9748 1 1 0
6.06894e-06 41.3666 41.3666 1 1 0
5.25349e-06 42.8318 42.8318 1 1 0
4.55641e-06 44.3842 44.3842 1 1 0
3.95748e-06 46.0403 46.0403 1 1 0
3.44049e-06 47.8201 47.8201 1 1 0
2.99234e-06 49.7486 49.7486 1 1 0
2.60235e-06 51.8571 51.8571 1 1 0
2.26177e-06 54.1857 54.1857 1 1 0
1.96336e-06 56.7873 56.7873 1 1 0
1.70112e-06 59.7332 59.7332 1 1 0
1.47003e-06 63.1224 63.1224 1 1 0
1.26588e-06 67.0972 67.0972 1 1 0
1.0851e-06 71.8715 71.8715 1 1 0
9.24689e-07 77.7849 77.7849 1 1 0
7.82066e-07 85.4172 85.4172 1 1 0
6.55036e-07 95.8618 95.8618 1 1 0
5.41714e-07 111.511 111.511 1 1 0
4.40472e-07 139.075 139.075 1 1 0
3.49907e-07 210.956 210.956 1 1 0
2.68797e-07 210.956 210.956 1 1 0
1.96082e-07 210.956 210.956 1 1 0
1.30836e-07 210.956 210.956 1 1 0
7.22476e-08 210.956 210.956 1 1 0
1.96067e-08 210.956 210.956 1 1 0
-2.77128e-08 210.956 210.956 1 1 0
2.00281 21.6438 21.6438 4 2 0
2.00281 21.6438 21.6438 4 2 0
2.00281 21.6438 21.6438 3 2 0
2.00266 21.6439 21.6439 4 2 0
2.00178 21.6446 21.6446 3 2 0
1.99899 21.6468 21.6468 3 2 0
1.99151 21.6526 21.6526 3 2 0
1.9745 21.6658 21.6658 3 2 0
1.94972 21.6848 21.6848 3 2 0
1.91703 21.7094 21.7094 3 2 0
1.8762 21.7394 21.7394 3 2 0
1.82691 21.7745 21.7745 3 2 0
1.76865 21.814 21.814 3 2 0
1.70066 21.8571 21.8571 3 2 0
1.62172 21.9027 21.9027 3 2 0
1.52986 21.9485 21.9485 3 2 0
1.42169 21.9907 21.9907 3 2 0
1.29117 22.022 22.022 3 2 0
1.1281 22.0274 22.0274 3 2 0
0.922333 21.9837 21.9837 3 2 0
0.682837 21.878 21.878 3 2 0
0.438982 21.7209 21.7209 3 2 0
0.220331 21.5206 21.5206 3 2 0
0.131609 21.4005 21.4005 3 2 0
0.0588397 21.2331 21.2331 3 2 0
0.0347431 21.1197 21.1197 3 2 0
0.0208678 20.996 20.996 3 2 0
0.01374 20.8782 20.8782 3 2 0
0.00973276 20.7665 20.7665 3 2 0
0.00707156 20.6493 20.6493 3 2 0
0.00524566 20.526 20.526 3 2 0
0.00395894 20.3963 20.3963 3 2 0
0.00303129 20.2601 20.2601 3 2 0
0.00234973 20.1177 20.1177 3 2 0
0.0018413 19.9698 19.9698 3 2 0
0.00145743 19.818 19.818 3 2 0
0.00116511 19.6654 19.6654 3 2 0
0.000941673 19.5175 19.5175 3 2 0
0.000771737 19.3834 19.3834 3 2 0
0.000654792 19.2841 19.2841 3 2 0
0.000574896 19.2189 19.2189 3 2 0
0.000520484 19.1786 19.1786 3 2 0
0.00047931 19.1505 19.1505 3 2 0
0.0004489 19.13 19.13 3 2 0
0.000426931 19.1148 19.1148 3 2 0
0.000410724 19.103 19.103 3 2 0
0.000398754 19.0937 19.0937 3 2 0
0.000390103 19.0867 19.0867 3 2 0
0.000384208 19.0817 19.0817 3 2 0
0.000380725 19.0787 19.0787 3 2 0
0.00037947 19.0776 19.0776 4 2 0
0.000380376 19.0784 19.0784 3 2 0
0.000380376 19.0784 19.0784 3 2 0
0.000383489 19.0811 19.0811 3 2 0
0.000388976 19.0857 19.0857 3 2 0
0.000397151 19.0924 19.0924 3 2 0
0.000408535 19.1013 19.1013 3 2 0
0.000423974 19.1127 19.1127 3 2 0
0.000444868 19.1273 19.1273 3 2 0
0.000473644 19.1467 19.1467 3 2 0
0.000514773 19.1746 19.1746 3 2 0
0.000576661 19.2202 19.2202 3 2 0
0.000673318 19.2998 19.2998 3 2 0
0.000823694 19.4263 19.4263 3 2 0
0.0010568 19.5976 19.5976 3 2 0
0.0014306 19.8056 19.8056 3 2 0
0.00207479 20.0436 20.0436 3 2 0
0.00332412 20.3087 20.3087 3 2 0
0.00628169 20.602 20.602 3 2 0
0.016629 20.9341 20.9341 3 2 0
0.0349177 21.1205 21.1205 3 2 0
0.084874 21.3088 21.3088 3 2 0
0.167518 21.4545 21.4545 3 2 0
0.274614 21.5787 21.5787 3 2 0
0.407685 21.6967 21.6967 3 2 0
0.565973 21.8091 21.8091 3 2 0
0.744911 21.9101 21.9101 3 2 0
0.934096 21.9875 21.9875 3 2 0
1.11672 22.0264 22.0264 3 2 0
1.27915 22.0237 22.0237 3 2 0
1.41223 21.9938 21.9938 3 2 0
1.522 21.952 21.952 3 2 0
1.61502 21.9063 21.9063 3 2 0
1.6949 21.8606 21.8606 3 2 0
1.7637 21.8172 21.8172 3 2 0
1.82268 21.7774 21.7774 3 2 0
1.87266 21.742 21.742 3 2 0
1.91413 21.7116 21.7116 3 2 0
1.94745 21.6865 21.6865 3 2 0
1.97285 21.6671 21.6671 3 2 0
1.99046 21.6535 21.6535 3 2 0
2.00038 21.6457 21.6457 3 2 0
2.00281 21.6438 21.6438 3 2 0
1.99919 21.6467 21.6467 3 2 0
1.99919 21.6467 21.6467 3 2 0
1.98793 21.6554 21.6554 3 2 0
1.96896 21.6701 21.6701 3 2 0
1.94219 21.6905 21.6905 3 2 0
1.90745 21.7165 21.7165 3 2 0
1.86452 21.7479 21.7479 3 2 0
1.81301 21.7841 21.7841 3 2 0
1.75237 21.8246 21.8246 3 2 0
1.68173 21.8685 21.8685 3 2 0
1.59974 21.9144 21.9144 3 2 0
1.50414 21.9597 21.9597 3 2 0
1.39102 22.0001 22.0001 3 2 0
1.25338 22.0267 22.0267 3 2 0
1.08009 22.0219 22.0219 3 2 0
0.863765 21.9626 21.9626 3 2 0
0.620148 21.8424 21.8424 3 2 0
0.380018 21.6743 21.6743 3 2 0
0.172329 21.461 21.461 3 2 0
0.0928786 21.3269 21.3269 3 2 0
0.03593 21.1272 21.1272 3 2 0
0.0228516 21.0194 21.0194 3 2 0
0.0159104 20.9214 20.9214 3 2 0
0.0113566 20.8183 20.8183 3 2 0
0.00828968 20.7095 20.7095 3 2 0
0.0061691 20.5947 20.5947 3 2 0
0.00466636 20.4738 20.4738 3 2 0
0.0035786 20.3464 20.3464 3 2 0
0.00277691 20.2125 20.2125 3 2 0
0.00217701 20.0726 20.0726 3 2 0
0.00172258 19.9275 19.9275 3 2 0
0.00137508 19.7789 19.7789 3 2 0
0.0011077 19.6304 19.6304 3 2 0
0.000901697 19.4876 19.4876 3 2 0
0.000744279 19.3603 19.3603 3 2 0
0.000635947 19.2682 19.2682 3 2 0
0.0005621 19.209 19.209 3 2 0
0.000511667 19.1725 19.1725 3 2 0
0.000473187 19.1464 19.1464 3 2 0
0.000444531 19.1271 19.1271 3 2 0
0.000423724 19.1125 19.1125 3 2 0
0.000408349 19.1012 19.1012 3 2 0
0.000397015 19.0923 19.0923 3 2 0
0.000388881 19.0857 19.0857 3 2 0
0.000383429 19.081 19.081 3 2 0
0.000380347 19.0783 19.0783 3 2 0
0.000379473 19.0776 19.0776 4 2 0
0.000379474 19.0776 19.0776 3 2 0
0.000380776 19.0787 19.0787 3 2 0
0.000384306 19.0818 19.0818 3 2 0
0.000390255 19.0868 19.0868 3 2 0
0.000398968 19.0939 19.0939 3 2 0
0.000411016 19.1032 19.1032 3 2 0
0.000427323 19.1151 19.1151 3 2 0
0.000449431 19.1304 19.1304 3 2 0
0.000480042 19.151 19.151 3 2 0
0.000524176 19.1813 19.1813 3 2 0
0.000591196 19.2317 19.2317 3 2 0
0.000696089 19.3192 19.3192 3 2 0
0.000858865 19.4544 19.4544 3 2 0
0.001112 19.6331 19.6331 3 2 0
0.00152213 19.8469 19.8469 3 2 0
0.00224144 20.0899 20.0899 3 2 0
0.00367698 20.3599 20.3599 3 2 0
0.0072529 20.6592 20.6592 3 2 0
0.0213135 21.001 21.001 3 2 0
0.0492639 21.1959 21.1959 3 2 0
0.115688 21.3727 21.3727 3 2 0
0.215227 21.5149 21.5149 3 2 0
0.341511 21.6415 21.6415 3 2 0
0.495406 21.7619 21.7619 3 2 0
0.673701 21.873 21.873 3 2 0
0.867572 21.964 21.964 3 2 0
1.06054 22.0188 22.0188 3 2 0
1.23478 22.0282 22.0282 3 2 0
1.3765 22.0041 22.0041 3 2 0
1.49216 21.9647 21.9647 3 2 0
1.58957 21.9196 21.9196 3 2 0
1.67299 21.8737 21.8737 3 2 0
1.74484 21.8295 21.8295 3 2 0
1.80657 21.7885 21.7885 3 2 0
1.85908 21.7518 21.7518 3 2 0
1.90298 21.7199 21.7199 3 2 0
1.93863 21.6932 21.6932 3 2 0
1.9663 21.6721 21.6721 3 2 0
1.98615 21.6568 21.6568 3 2 0
1.9983 21.6474 21.6474 3 2 0
2.00278 21.6438 21.6438 4 2 0
2.00278 21.6439 21.6439 3 2 0
1.99966 21.6463 21.6463 3 2 0
1.99966 21.6463 21.6463 3 2 0
1.98889 21.6547 21.6547 3 2 0
1.97043 21.669 21.669 3 2 0
1.94417 21.689 21.689 3 2 0
1.90996 21.7147 21.7147 3 2 0
1.86757 21.7457 21.7457 3 2 0
1.81663 21.7816 21.7816 3 2 0
1.75661 21.8219 21.8219 3 2 0
1.68666 21.8656 21.8656 3 2 0
1.60547 21.9114 21.9114 3 2 0
1.51085 21.9569 21.9569 3 2 0
1.39903 21.9978 21.9978 3 2 0
1.26329 22.0256 22.0256 3 2 0
1.09269 22.0237 22.0237 3 2 0
0.878993 21.9684 21.9684 3 2 0
0.636234 21.8519 21.8519 3 2 0
0.394972 21.6865 21.6865 3 2 0
