1 7.71337 7.71337 2 1 0
1.02508 7.71972 7.71972 1 1 0
1.04471 7.72343 7.72343 1 1 0
1.06257 7.72661 7.72661 2 1 0
1.09384 7.73192 7.73192 2 1 0
1.14349 7.73951 7.73951 2 1 0
1.22296 7.75003 7.75003 2 1 0
1.31608 7.76043 7.76043 2 1 0
1.42377 7.77053 7.77053 2 1 0
1.54678 7.78023 7.78023 2 1 0
1.68584 7.78946 7.78946 2 1 0
1.8418 7.79822 7.79822 2 1 0
2.07936 7.80924 7.80924 2 1 0
1.0624 7.72661 7.72661 4 2 0
1.06239 7.7518 7.70139 4 2 0
1.06245 7.80207 7.6508 3 2 0
1.06272 7.90232 7.54899 3 2 0
1.06389 8.10082 7.34353 3 2 0
1.06731 8.39396 7.0306 3 2 0
1.07644 8.82488 6.55154 3 2 0
1.09871 9.41246 5.87113 3 2 0
1.1377 10.0025 5.1809 3 2 0
1.21094 10.6428 4.5068 3 2 0
1.3537 11.3833 3.93783 3 2 0
1.55091 12.131 3.53263 3 2 0
1.7775 12.835 3.22784 3 2 0
2.03051 13.4991 2.98524 3 2 0
