0.7 24.3455 24.3455 2 1 0
0.702327 24.3609 24.3609 1 1 0
0.704726 24.3763 24.3763 1 1 0
0.709752 24.407 24.407 1 1 0
0.717923 24.4532 24.4532 1 1 0
0.73185 24.5223 24.5223 1 1 0
0.75761 24.6258 24.6258 1 1 0
0.812968 24.7804 24.7804 1 1 0
0.933702 24.9675 24.9675 1 1 0
0.957994 24.9926 24.9926 1 1 0
1.21947 25.1574 25.1574 2 1 0
1.62615 25.2703 25.2703 2 1 0
2.09614 25.337 25.337 2 1 0
0.957994 24.9926 24.9926 4 2 0
0.958018 25.0199 24.9653 3 2 0
0.958023 25.0738 24.9113 3 2 0
0.958049 25.1826 24.8014 4 2 0
0.958166 25.3988 24.5801 4 2 0
0.958656 25.8255 24.132 3 2 0
0.960034 26.4507 23.4473 3 2 0
0.962303 27.0868 22.7152 3 2 0
0.965444 27.7076 21.9679 3 2 0
0.969497 28.3123 21.2064 3 2 0
0.974522 28.9038 20.4337 3 2 0
0.980619 29.4829 19.6518 3 2 0
0.98794 30.0614 18.8551 3 2 0
0.996725 30.6356 18.0514 3 2 0
1.00735 31.2129 17.2459 3 2 0
1.02042 31.808 16.4567 3 2 0
1.03687 32.4271 15.667 3 2 0
1.05787 33.0883 14.896 3 2 0
1.08409 33.8036 14.1537 3 2 0
1.11507 34.551 13.4671 3 2 0
1.1499 35.3214 12.8342 3 2 0
1.18792 36.122 12.2245 3 2 0
1.22872 36.928 11.6362 3 2 0
1.27205 37.7294 11.0979 3 2 0
1.31779 38.5541 10.5678 3 2 0
1.36584 39.3641 10.071 3 2 0
1.41618 40.1908 9.62888 3 2 0
1.46881 41.0059 9.13483 3 2 0
1.52366 41.8228 8.69692 3 2 0
1.58087 42.6355 8.28641 3 2 0
1.64041 43.4533 7.86981 3 2 0
1.70234 44.2495 7.49058 3 2 0
1.76667 45.0711 7.11906 3 2 0
1.83356 45.8719 6.75256 3 2 0
1.90308 46.6776 6.4334 3 2 0
1.97512 47.4813 6.08141 3 2 0
2.04992 48.2843 5.79077 3 2 0
