1 7.71466 7.71466 2 1 0
1.01243 7.71721 7.71721 1 1 0
1.02515 7.71973 7.71973 1 1 0
1.04478 7.72345 7.72345 1 1 0
1.06257 7.72661 7.72661 2 1 0
1.09384 7.73192 7.73192 2 1 0
1.14349 7.73951 7.73951 2 1 0
1.22296 7.75003 7.75003 2 1 0
1.31608 7.76043 7.76043 2 1 0
1.42377 7.77053 7.77053 2 1 0
1.54678 7.78023 7.78023 2 1 0
1.68584 7.78946 7.78946 2 1 0
1.8418 7.79822 7.79822 2 1 0
2.07936 7.80924 7.80924 2 1 0
2.34356 7.81923 7.81923 2 1 0
2.6361 7.82837 7.82837 2 1 0
3.07692 7.83958 7.83958 2 1 0
1.0624 7.72661 7.72661 4 2 0
1.06239 7.73921 7.714 4 2 0
1.06239 7.73938 7.71384 3 2 0
1.06243 7.78976 7.66325 3 2 0
1.06267 7.89 7.56158 3 2 0
1.0638 8.08859 7.35628 3 2 0
1.06713 8.38205 7.04419 3 2 0
1.07612 8.81245 6.56519 3 2 0
1.09814 9.4001 5.88272 3 2 0
1.1367 9.99056 5.19343 3 2 0
1.20893 10.6279 4.52179 3 2 0
1.35019 11.3706 3.94958 3 2 0
1.54671 12.1192 3.54483 3 2 0
1.77277 12.8182 3.23996 3 2 0
2.02527 13.4793 2.988 3 2 0
2.30236 14.122 2.77876 3 2 0
2.60211 14.7253 2.60397 3 2 0
2.92256 15.3 2.44886 3 2 0
3.26175 15.8553 2.30764 3 2 0
