0.65 0 0 2 1 0
0.649233 25.277 25.277 1 1 0
0.648465 25.2306 25.2306 1 1 0
0.646931 25.1387 25.1387 1 1 0
0.643864 24.9584 24.9584 1 1 0
0.637735 24.6115 24.6115 1 1 0
0.628173 24.1032 24.1032 1 1 0
0.618625 23.632 23.632 1 1 0
0.609091 23.194 23.194 1 1 0
0.59957 22.7859 22.7859 1 1 0
0.590061 22.4049 22.4049 1 1 0
0.580563 22.0485 22.0485 1 1 0
0.571076 21.7144 21.7144 1 1 0
0.568798 21.6373 21.6373 2 1 0
0.559322 21.3284 21.3284 2 1 0
0.549855 21.038 21.038 2 1 0
0.540397 20.7647 20.7647 2 1 0
0.530946 20.5071 20.5071 2 1 0
0.521502 20.2643 20.2643 2 1 0
0.512065 20.0351 20.0351 2 1 0
0.502635 19.8188 19.8188 2 1 0
0.49321 19.6145 19.6145 2 1 0
0.483791 19.4215 19.4215 2 1 0
0.474377 19.2392 19.2392 2 1 0
0.464968 19.067 19.067 2 1 0
0.455564 18.9045 18.9045 2 1 0
0.446165 18.7511 18.7511 2 1 0
0.436769 18.6065 18.6065 2 1 0
0.427378 18.4703 18.4703 2 1 0
0.41799 18.3422 18.3422 2 1 0
0.408606 18.2219 18.2219 2 1 0
0.399225 18.1092 18.1092 2 1 0
0.389848 18.0039 18.0039 2 1 0
0.380473 17.9058 17.9058 2 1 0
0.371101 17.8147 17.8147 2 1 0
0.361732 17.7306 17.7306 2 1 0
0.352366 17.6534 17.6534 2 1 0
0.343001 17.583 17.583 2 1 0
0.333639 17.5195 17.5195 2 1 0
0.32428 17.4628 17.4628 2 1 0
0.314922 17.413 17.413 2 1 0
0.305566 17.3702 17.3702 2 1 0
0.296212 17.3346 17.3346 2 1 0
0.28686 17.3063 17.3063 2 1 0
0.277509 17.2856 17.2856 2 1 0
0.268159 17.2727 17.2727 2 1 0
0.258811 17.268 17.268 2 1 0
0.249464 17.272 17.272 2 1 0
0.240119 17.2852 17.2852 2 1 0
0.230774 17.3081 17.3081 2 1 0
0.221431 17.3417 17.3417 2 1 0
0.212088 17.3867 17.3867 2 1 0
0.202746 17.4443 17.4443 2 1 0
0.193404 17.5159 17.5159 2 1 0
0.184063 17.6029 17.6029 2 1 0
0.174723 17.7076 17.7076 2 1 0
0.165383 17.8322 17.8322 2 1 0
0.156043 17.9801 17.9801 2 1 0
0.146704 18.1552 18.1552 2 1 0
0.137364 18.3626 18.3626 2 1 0
0.128025 18.6093 18.6093 2 1 0
0.118686 18.9045 18.9045 2 1 0
0.109347 19.2612 19.2612 2 1 0
0.100008 19.698 19.698 2 1 0
0.0906697 20.2428 20.2428 2 1 0
0.0813329 20.9397 20.9397 2 1 0
0.0719989 21.8635 21.8635 2 1 0
0.0703127 22.0637 22.0637 2 1 0
0.0609862 23.4435 23.4435 1 1 0
0.0516746 25.5712 25.5712 1 1 0
0.0423995 29.4089 29.4089 1 1 0
0.0332419 39.3794 39.3794 1 1 0
0.0249538 39.3794 39.3794 1 1 0
0.0243415 39.3794 39.3794 1 1 0
0.0257146 261.036 261.036 2 1 0
0.0276532 250.443 250.443 2 1 0
0.0319006 250.443 250.443 2 1 0
0.0371165 250.443 250.443 2 1 0
0.0424958 67.9602 67.9602 2 1 0
0.0484518 58.438 58.438 2 1 0
0.0550167 56.8127 56.8127 2 1 0
0.064872 57.7131 57.7131 2 1 0
0.0796597 60.2051 60.2051 2 1 0
0.0959283 62.406 62.406 2 1 0
0.120332 64.5894 64.5894 2 1 0
0.156938 66.532 66.532 2 1 0
0.197205 67.433 67.433 2 1 0
0.257605 68.2371 68.2371 2 1 0
0.348206 67.9096 67.9096 2 1 0
0.484107 63.7745 63.7745 2 1 0
0.627781 68.886 68.886 2 1 0
0.771455 56.1173 56.1173 2 1 0
0.915129 58.7548 58.7548 2 1 0
1.0588 69.2511 69.2511 2 1 0
0.568798 21.6373 21.6373 4 2 0
0.568824 21.6382 21.6382 4 2 0
0.568824 21.6382 21.6382 3 2 0
0.568813 21.6385 21.6385 4 2 0
0.568751 21.6398 21.6398 3 2 0
0.568561 21.6441 21.6441 3 2 0
0.568057 21.6551 21.6551 3 2 0
0.566919 21.6795 21.6795 3 2 0
0.565272 21.7134 21.7134 3 2 0
0.563116 21.7551 21.7551 3 2 0
0.560446 21.8028 21.8028 3 2 0
0.557257 21.8541 21.8541 3 2 0
0.553538 21.9065 21.9065 3 2 0
0.549273 21.9571 21.9571 3 2 0
0.544442 22.0032 22.0032 3 2 0
0.539025 22.0417 22.0417 3 2 0
0.533003 22.0698 22.0698 3 2 0
0.526369 22.085 22.085 3 2 0
0.519138 22.0858 22.0858 3 2 0
0.511352 22.0715 22.0715 3 2 0
0.503087 22.0431 22.0431 3 2 0
0.494438 22.0027 22.0027 3 2 0
0.485503 21.9535 21.9535 3 2 0
0.476366 21.8986 21.8986 3 2 0
0.467091 21.8408 21.8408 3 2 0
0.457723 21.7825 21.7825 3 2 0
0.448293 21.7253 21.7253 3 2 0
0.438821 21.6705 21.6705 3 2 0
0.429325 21.6189 21.6189 3 2 0
0.419815 21.5711 21.5711 3 2 0
0.4103 21.5274 21.5274 3 2 0
0.400788 21.4881 21.4881 3 2 0
0.391285 21.4534 21.4534 3 2 0
0.381796 21.4233 21.4233 3 2 0
0.372327 21.3979 21.3979 3 2 0
0.362881 21.3773 21.3773 3 2 0
0.353462 21.3613 21.3613 3 2 0
0.344076 21.3499 21.3499 3 2 0
0.334724 21.3431 21.3431 3 2 0
0.325412 21.3407 21.3407 3 2 0
0.316142 21.3428 21.3428 3 2 0
0.306918 21.3491 21.3491 3 2 0
0.297743 21.3596 21.3596 3 2 0
0.288619 21.3742 21.3742 3 2 0
0.279551 21.3926 21.3926 3 2 0
0.270541 21.4148 21.4148 3 2 0
0.261591 21.4406 21.4406 3 2 0
0.252705 21.4697 21.4697 3 2 0
0.243883 21.5021 21.5021 3 2 0
0.235128 21.5375 21.5375 3 2 0
0.226441 21.5757 21.5757 3 2 0
0.217824 21.6164 21.6164 3 2 0
0.209277 21.6593 21.6593 3 2 0
0.2008 21.7043 21.7043 3 2 0
0.192393 21.7509 21.7509 3 2 0
0.184055 21.799 21.799 3 2 0
0.175784 21.848 21.848 3 2 0
0.167577 21.8977 21.8977 3 2 0
0.159431 21.9476 21.9476 3 2 0
0.151341 21.9973 21.9973 3 2 0
0.143302 22.0464 22.0464 3 2 0
0.135307 22.0941 22.0941 3 2 0
0.127347 22.1398 22.1398 3 2 0
0.119414 22.1823 22.1823 3 2 0
0.111499 22.2198 22.2198 3 2 0
0.1036 22.2488 22.2488 3 2 0
0.0957307 22.2622 22.2622 3 2 0
0.0879682 22.2482 22.2482 3 2 0
0.0805673 22.1973 22.1973 3 2 0
0.074201 22.122 22.122 3 2 0
0.0704923 22.0666 22.0666 3 2 0
0.0703163 22.0638 22.0638 3 2 0
0.0729634 22.1043 22.1043 3 2 0
0.0791619 22.1831 22.1831 3 2 0
0.0865353 22.2415 22.2415 3 2 0
0.0942964 22.2621 22.2621 3 2 0
0.102168 22.2527 22.2527 3 2 0
0.110067 22.2259 22.2259 3 2 0
0.11798 22.1896 22.1896 3 2 0
0.12591 22.1478 22.1478 3 2 0
0.133864 22.1026 22.1026 3 2 0
0.141853 22.0551 22.0551 3 2 0
0.149884 22.0063 22.0063 3 2 0
0.157964 21.9566 21.9566 3 2 0
0.166099 21.9067 21.9067 3 2 0
0.174295 21.8569 21.8569 3 2 0
0.182554 21.8078 21.8078 3 2 0
0.19088 21.7595 21.7595 3 2 0
0.199274 21.7126 21.7126 3 2 0
0.207738 21.6673 21.6673 3 2 0
0.216272 21.624 21.624 3 2 0
0.224877 21.5829 21.5829 3 2 0
0.233551 21.5442 21.5442 3 2 0
0.242293 21.5083 21.5083 3 2 0
0.251103 21.4754 21.4754 3 2 0
0.259979 21.4456 21.4456 3 2 0
0.268917 21.4192 21.4192 3 2 0
0.277917 21.3964 21.3964 3 2 0
0.286974 21.3772 21.3772 3 2 0
0.296088 21.362 21.362 3 2 0
0.305254 21.3507 21.3507 3 2 0
0.314469 21.3436 21.3436 3 2 0
0.323731 21.3408 21.3408 3 2 0
0.333036 21.3423 21.3423 3 2 0
0.342381 21.3483 21.3483 3 2 0
0.351761 21.3589 21.3589 3 2 0
0.361174 21.374 21.374 3 2 0
0.370615 21.3938 21.3938 3 2 0
0.380081 21.4184 21.4184 3 2 0
0.389566 21.4476 21.4476 3 2 0
0.399067 21.4815 21.4815 3 2 0
0.408577 21.5199 21.5199 3 2 0
0.418091 21.5628 21.5628 3 2 0
0.427602 21.6099 21.6099 3 2 0
0.437101 21.6609 21.6609 3 2 0
0.446577 21.7152 21.7152 3 2 0
0.456014 21.772 21.772 3 2 0
0.465392 21.8302 21.8302 3 2 0
0.474683 21.8882 21.8882 3 2 0
0.483843 21.9438 21.9438 3 2 0
0.492814 21.9943 21.9943 3 2 0
0.501516 22.0365 22.0365 3 2 0
0.509854 22.0673 22.0673 3 2 0
0.517734 22.0843 22.0843 3 2 0
0.525074 22.0863 22.0863 3 2 0
0.531824 22.0736 22.0736 3 2 0
0.537962 22.0477 22.0477 3 2 0
0.543492 22.0109 22.0109 3 2 0
0.54843 21.966 21.966 3 2 0
0.552798 21.916 21.916 3 2 0
0.556616 21.8637 21.8637 3 2 0
0.559902 21.812 21.812 3 2 0
0.562666 21.7635 21.7635 3 2 0
0.564916 21.7205 21.7205 3 2 0
0.566656 21.6851 21.6851 3 2 0
0.567888 21.6588 21.6588 3 2 0
0.56861 21.643 21.643 3 2 0
0.568821 21.6383 21.6383 3 2 0
0.568506 21.6453 21.6453 3 2 0
0.567681 21.6633 21.6633 3 2 0
0.566348 21.6915 21.6915 3 2 0
0.564506 21.7286 21.7286 3 2 0
0.562153 21.7728 21.7728 3 2 0
0.559285 21.8222 21.8222 3 2 0
0.555894 21.8742 21.8742 3 2 0
0.551968 21.9263 21.9263 3 2 0
0.547489 21.9755 21.9755 3 2 0
0.542436 22.019 22.019 3 2 0
0.536788 22.0538 22.0538 3 2 0
0.530531 22.0773 22.0773 3 2 0
0.523665 22.0871 22.0871 3 2 0
0.516214 22.0821 22.0821 3 2 0
0.508235 22.0622 22.0622 3 2 0
0.499811 22.0289 22.0289 3 2 0
0.491041 21.9847 21.9847 3 2 0
0.48202 21.9329 21.9329 3 2 0
0.472823 21.8766 21.8766 3 2 0
0.463508 21.8184 21.8184 3 2 0
0.454113 21.7604 21.7604 3 2 0
0.444665 21.704 21.704 3 2 0
0.435182 21.6503 21.6503 3 2 0
0.425679 21.6001 21.6001 3 2 0
0.416167 21.5538 21.5538 3 2 0
0.406652 21.5118 21.5118 3 2 0
0.397143 21.4742 21.4742 3 2 0
0.387645 21.4413 21.4413 3 2 0
0.378163 21.413 21.413 3 2 0
0.368702 21.3894 21.3894 3 2 0
0.359266 21.3706 21.3706 3 2 0
0.349859 21.3564 21.3564 3 2 0
0.340486 21.3467 21.3467 3 2 0
0.331149 21.3417 21.3417 3 2 0
0.321852 21.341 21.341 3 2 0
0.3126 21.3447 21.3447 3 2 0
0.303394 21.3527 21.3527 3 2 0
0.294238 21.3647 21.3647 3 2 0
0.285136 21.3808 21.3808 3 2 0
0.27609 21.4007 21.4007 3 2 0
0.267102 21.4243 21.4243 3 2 0
0.258176 21.4514 21.4514 3 2 0
0.249314 21.4818 21.4818 3 2 0
0.240518 21.5154 21.5154 3 2 0
0.231789 21.5518 21.5518 3 2 0
0.223128 21.591 21.591 3 2 0
0.214538 21.6326 21.6326 3 2 0
0.206018 21.6763 21.6763 3 2 0
0.197568 21.722 21.722 3 2 0
0.189188 21.7692 21.7692 3 2 0
0.180876 21.8177 21.8177 3 2 0
0.17263 21.867 21.867 3 2 0
0.164447 21.9168 21.9168 3 2 0
0.156323 21.9667 21.9667 3 2 0
0.148253 22.0162 22.0162 3 2 0
0.140232 22.0649 22.0649 3 2 0
0.132251 22.1119 22.1119 3 2 0
0.124302 22.1566 22.1566 3 2 0
0.116377 22.1974 22.1974 3 2 0
0.108469 22.2322 22.2322 3 2 0
0.100577 22.2563 22.2563 3 2 0
0.0927335 22.2608 22.2608 3 2 0
