0.05 0 0 2 1 0
0.0500797 21.9822 21.9822 1 1 0
0.0501597 21.9791 21.9791 1 1 0
0.0503204 21.973 21.973 1 1 0
0.0506448 21.9606 21.9606 1 1 0
0.0513065 21.9359 21.9359 1 1 0
0.0523758 21.8972 21.8972 1 1 0
0.0534905 21.8584 21.8584 1 1 0
0.0546538 21.8194 21.8194 1 1 0
0.0558688 21.7804 21.7804 1 1 0
0.057139 21.7412 21.7412 1 1 0
0.0584684 21.7018 21.7018 1 1 0
0.0598611 21.6624 21.6624 1 1 0
0.0613218 21.6228 21.6228 1 1 0
0.0628555 21.583 21.583 1 1 0
0.064468 21.5432 21.5432 1 1 0
0.0661654 21.5032 21.5032 1 1 0
0.0679547 21.463 21.463 1 1 0
0.0698434 21.4227 21.4227 1 1 0
0.0718401 21.3823 21.3823 1 1 0
0.0739543 21.3417 21.3417 1 1 0
0.0761968 21.301 21.301 1 1 0
0.0785796 21.2602 21.2602 1 1 0
0.0811162 21.2192 21.2192 1 1 0
0.0838221 21.178 21.178 1 1 0
0.0858658 21.1485 21.1485 1 1 0
0.0889038 21.1071 21.1071 2 1 0
0.0921647 21.0655 21.0655 2 1 0
0.0956739 21.0237 21.0237 2 1 0
0.099461 20.9817 20.9817 2 1 0
0.10356 20.9396 20.9396 2 1 0
0.108012 20.8972 20.8972 2 1 0
0.112864 20.8547 20.8547 2 1 0
0.118172 20.8119 20.8119 2 1 0
0.124004 20.7689 20.7689 2 1 0
0.130441 20.7256 20.7256 2 1 0
0.137583 20.6821 20.6821 2 1 0
0.145553 20.6383 20.6383 2 1 0
0.154503 20.5941 20.5941 2 1 0
0.164625 20.5495 20.5495 2 1 0
0.176165 20.5044 20.5044 2 1 0
0.189445 20.4589 20.4589 2 1 0
0.204888 20.4127 20.4127 2 1 0
0.223068 20.3658 20.3658 2 1 0
0.244783 20.318 20.318 2 1 0
0.271169 20.2691 20.2691 2 1 0
0.303902 20.219 20.219 2 1 0
0.345562 20.1675 20.1675 2 1 0
0.400295 20.1143 20.1143 2 1 0
0.475159 20.0595 20.0595 2 1 0
0.582815 20.0033 20.0033 2 1 0
0.746467 19.9471 19.9471 2 1 0
1.00237 19.8948 19.8948 2 1 0
1.37151 19.8532 19.8532 2 1 0
1.81806 19.8255 19.8255 2 1 0
2.29688 19.8078 19.8078 2 1 0
2.78753 19.7961 19.7961 2 1 0
3.28288 19.7878 19.7878 2 1 0
3.78034 19.7817 19.7817 2 1 0
4.27884 19.777 19.777 2 1 0
4.7779 19.7733 19.7733 2 1 0
5.27728 19.7703 19.7703 2 1 0
5.77686 19.7678 19.7678 2 1 0
6.27656 19.7657 19.7657 2 1 0
6.77635 19.7639 19.7639 2 1 0
7.27619 19.7624 19.7624 2 1 0
7.77607 19.7611 19.7611 2 1 0
8.27597 19.7599 19.7599 2 1 0
8.7759 19.7589 19.7589 2 1 0
9.27584 19.7579 19.7579 2 1 0
9.7758 19.7571 19.7571 2 1 0
10.2758 19.7564 19.7564 2 1 0
10.7757 19.7557 19.7557 2 1 0
11.2757 19.7551 19.7551 2 1 0
11.7757 19.7545 19.7545 2 1 0
12.2757 19.754 19.754 2 1 0
12.7756 19.7535 19.7535 2 1 0
13.2756 19.7531 19.7531 2 1 0
13.7756 19.7527 19.7527 2 1 0
14.2756 19.7523 19.7523 2 1 0
14.7756 19.7519 19.7519 2 1 0
15.2756 19.7516 19.7516 2 1 0
0.0858658 21.1485 21.1485 4 2 0
0.0858668 21.1485 21.1485 3 2 0
0.0858747 21.1486 21.1486 3 2 0
0.0859143 21.1489 21.1489 3 2 0
0.0860318 21.1498 21.1498 3 2 0
0.0863316 21.1521 21.1521 3 2 0
0.0870239 21.1573 21.1573 3 2 0
0.088482 21.1681 21.1681 3 2 0
0.0907589 21.1846 21.1846 3 2 0
0.093411 21.2031 21.2031 3 2 0
0.0963827 21.2231 21.2231 3 2 0
0.0996628 21.2442 21.2442 3 2 0
0.103259 21.2664 21.2664 3 2 0
0.107193 21.2896 21.2896 3 2 0
0.111493 21.3137 21.3137 3 2 0
0.116199 21.3387 21.3387 3 2 0
0.121361 21.3646 21.3646 3 2 0
0.127039 21.3915 21.3915 3 2 0
0.133308 21.4194 21.4194 3 2 0
0.140256 21.4483 21.4483 3 2 0
0.147997 21.4783 21.4783 3 2 0
0.156668 21.5094 21.5094 3 2 0
0.166443 21.5417 21.5417 3 2 0
0.17754 21.5751 21.5751 3 2 0
0.190243 21.6097 21.6097 3 2 0
0.204922 21.6455 21.6455 3 2 0
0.222072 21.6824 21.6824 3 2 0
0.242366 21.7203 21.7203 3 2 0
0.266747 21.759 21.759 3 2 0
0.29658 21.7981 21.7981 3 2 0
0.333903 21.837 21.837 3 2 0
0.381902 21.8749 21.8749 3 2 0
0.445814 21.911 21.911 3 2 0
0.534744 21.9439 21.9439 3 2 0
0.665399 21.9724 21.9724 3 2 0
0.868442 21.9949 21.9949 3 2 0
1.18657 22.0104 22.0104 3 2 0
1.61929 22.019 22.019 3 2 0
2.09834 22.0231 22.0231 3 2 0
2.58856 22.0253 22.0253 3 2 0
3.08327 22.0266 22.0266 3 2 0
3.58026 22.0275 22.0275 3 2 0
4.07845 22.0281 22.0281 3 2 0
4.57731 22.0285 22.0285 3 2 0
5.07656 22.0288 22.0288 3 2 0
5.57605 22.029 22.029 3 2 0
6.07569 22.0292 22.0292 3 2 0
6.57543 22.0294 22.0294 3 2 0
7.07523 22.0295 22.0295 3 2 0
7.57509 22.0297 22.0297 3 2 0
8.07498 22.0297 22.0297 3 2 0
8.57489 22.0298 22.0298 3 2 0
9.07482 22.0299 22.0299 3 2 0
9.57476 22.03 22.03 3 2 0
10.0747 22.03 22.03 3 2 0
10.5747 22.0301 22.0301 3 2 0
11.0746 22.0301 22.0301 3 2 0
11.5746 22.0302 22.0302 3 2 0
12.0746 22.0302 22.0302 3 2 0
12.5746 22.0302 22.0302 3 2 0
13.0746 22.0303 22.0303 3 2 0
13.5746 22.0303 22.0303 3 2 0
14.0745 22.0303 22.0303 3 2 0
14.5745 22.0303 22.0303 3 2 0
15.0745 22.0304 22.0304 3 2 0
