0.05 4.56645 4.56645 2 1 0
0.0500797 4.56629 4.56629 1 1 0
0.0501597 4.56614 4.56614 1 1 0
0.0503204 4.56584 4.56584 1 1 0
0.0506448 4.56523 4.56523 1 1 0
0.0513065 4.56402 4.56402 1 1 0
0.0523758 4.56212 4.56212 1 1 0
0.0534905 4.56022 4.56022 1 1 0
0.0546538 4.55832 4.55832 1 1 0
0.0558688 4.55642 4.55642 1 1 0
0.057139 4.55452 4.55452 1 1 0
0.0584684 4.55261 4.55261 1 1 0
0.0598611 4.5507 4.5507 1 1 0
0.0613218 4.54879 4.54879 1 1 0
0.0628555 4.54688 4.54688 1 1 0
0.064468 4.54496 4.54496 1 1 0
0.0661654 4.54305 4.54305 1 1 0
0.0679547 4.54113 4.54113 1 1 0
0.0698434 4.53921 4.53921 1 1 0
0.0718401 4.53728 4.53728 1 1 0
0.0739543 4.53536 4.53536 1 1 0
0.0761968 4.53343 4.53343 1 1 0
0.0785796 4.5315 4.5315 1 1 0
0.0811162 4.52957 4.52957 1 1 0
0.0838221 4.52764 4.52764 1 1 0
0.0858658 4.52626 4.52626 1 1 0
0.0889038 4.52432 4.52432 2 1 0
0.0921647 4.52238 4.52238 2 1 0
0.0956739 4.52044 4.52044 2 1 0
0.099461 4.5185 4.5185 2 1 0
0.10356 4.51656 4.51656 2 1 0
0.108012 4.51461 4.51461 2 1 0
0.112864 4.51266 4.51266 2 1 0
0.118172 4.51071 4.51071 2 1 0
0.124004 4.50876 4.50876 2 1 0
0.130441 4.5068 4.5068 2 1 0
0.137583 4.50485 4.50485 2 1 0
0.145553 4.50289 4.50289 2 1 0
0.154503 4.50093 4.50093 2 1 0
0.164625 4.49896 4.49896 2 1 0
0.176165 4.497 4.497 2 1 0
0.189445 4.49503 4.49503 2 1 0
0.204888 4.49306 4.49306 2 1 0
0.223068 4.49109 4.49109 2 1 0
0.244783 4.48912 4.48912 2 1 0
0.271169 4.48715 4.48715 2 1 0
0.303902 4.48517 4.48517 2 1 0
0.345562 4.4832 4.4832 2 1 0
0.400295 4.48123 4.48123 2 1 0
0.475159 4.47927 4.47927 2 1 0
0.582815 4.47733 4.47733 2 1 0
0.746467 4.47545 4.47545 2 1 0
1.00237 4.47374 4.47374 2 1 0
1.37151 4.47239 4.47239 2 1 0
1.81806 4.4715 4.4715 2 1 0
2.29688 4.47092 4.47092 2 1 0
2.78753 4.47054 4.47054 2 1 0
3.28288 4.47027 4.47027 2 1 0
3.78034 4.47007 4.47007 2 1 0
4.27884 4.46991 4.46991 2 1 0
4.7779 4.46979 4.46979 2 1 0
5.27728 4.46969 4.46969 2 1 0
5.77686 4.46961 4.46961 2 1 0
6.27656 4.46954 4.46954 2 1 0
6.77635 4.46948 4.46948 2 1 0
7.27619 4.46943 4.46943 2 1 0
7.77607 4.46938 4.46938 2 1 0
8.27597 4.46935 4.46935 2 1 0
8.7759 4.46931 4.46931 2 1 0
9.27584 4.46928 4.46928 2 1 0
9.7758 4.46925 4.46925 2 1 0
10.2758 4.46923 4.46923 2 1 0
10.7757 4.4692 4.4692 2 1 0
11.2757 4.46918 4.46918 2 1 0
11.7757 4.46916 4.46916 2 1 0
12.2757 4.46915 4.46915 2 1 0
12.7756 4.46913 4.46913 2 1 0
13.2756 4.46912 4.46912 2 1 0
13.7756 4.4691 4.4691 2 1 0
14.2756 4.46909 4.46909 2 1 0
14.7756 4.46908 4.46908 2 1 0
15.2756 4.46907 4.46907 2 1 0
0.0858658 4.52626 4.52626 4 2 0
0.0858668 4.53281 4.5197 3 2 0
0.0858747 4.54588 4.50658 3 2 0
0.0859143 4.57187 4.48029 3 2 0
0.0860318 4.61033 4.44098 3 2 0
0.0863316 4.66618 4.38293 3 2 0
0.0870239 4.74459 4.29963 3 2 0
0.088482 4.84921 4.18508 3 2 0
0.0907589 4.95894 4.06016 3 2 0
0.093411 5.05251 3.94981 3 2 0
0.0963827 5.13444 3.84964 3 2 0
0.0996628 5.20787 3.75699 3 2 0
0.103259 5.27478 3.6699 3 2 0
0.107193 5.33647 3.58756 3 2 0
0.111493 5.3939 3.50879 3 2 0
0.116199 5.44789 3.43322 3 2 0
0.121361 5.49881 3.3597 3 2 0
0.127039 5.54715 3.28808 3 2 0
0.133308 5.59353 3.21658 3 2 0
0.140256 5.63794 3.14761 3 2 0
0.147997 5.68131 3.07962 3 2 0
0.156668 5.72245 3.01367 3 2 0
0.166443 5.76319 2.94701 3 2 0
0.17754 5.80279 2.88067 3 2 0
0.190243 5.83963 2.8147 3 2 0
0.204922 5.87757 2.7485 3 2 0
0.222072 5.91468 2.68215 3 2 0
0.242366 5.95007 2.61411 3 2 0
0.266747 5.98578 2.54718 3 2 0
0.29658 6.02071 2.47997 3 2 0
0.333903 6.05519 2.41447 3 2 0
0.381902 6.08803 2.3471 3 2 0
0.445814 6.11961 2.28022 3 2 0
0.534744 6.1495 2.21296 3 2 0
0.665399 6.17732 2.14962 3 2 0
0.868442 6.20215 2.09087 3 2 0
1.18657 6.22252 2.04102 3 2 0
1.61929 6.23627 2.00607 3 2 0
2.09834 6.24443 1.98481 3 2 0
2.58856 6.25022 1.97133 3 2 0
3.08327 6.25363 1.96229 3 2 0
3.58026 6.25606 1.9558 3 2 0
4.07845 6.25805 1.95309 3 2 0
4.57731 6.25946 1.9493 3 2 0
5.07656 6.26059 1.94627 3 2 0
5.57605 6.26164 1.94397 3 2 0
6.07569 6.26241 1.9419 3 2 0
6.57543 6.26306 1.94015 3 2 0
7.07523 6.26343 1.93834 3 2 0
7.57509 6.26391 1.93705 3 2 0
8.07498 6.26432 1.93591 3 2 0
8.57489 6.265 1.93305 3 2 0
9.07482 6.26533 1.93215 3 2 0
9.57476 6.26562 1.93135 3 2 0
10.0747 6.26548 1.9328 3 2 0
10.5747 6.26571 1.93215 3 2 0
11.0746 6.26593 1.93156 3 2 0
11.5746 6.26693 1.93003 3 2 0
12.0746 6.26711 1.92954 3 2 0
12.5746 6.26728 1.92908 3 2 0
13.0746 6.26609 1.92729 3 2 0
13.5746 6.26624 1.9269 3 2 0
14.0745 6.26637 1.92654 3 2 0
14.5745 6.26705 1.92601 3 2 0
15.0745 6.26717 1.9257 3 2 0
