0.8 0 0 2 1 0
0.806641 22.5096 22.5096 1 1 0
0.813492 22.2307 22.2307 1 1 0
0.827849 21.6853 21.6853 1 1 0
0.851123 20.8981 20.8981 1 1 0
0.8903 19.7871 19.7871 1 1 0
0.959663 18.2816 18.2816 1 1 0
1.05151 16.8561 16.8561 1 1 0
1.06238 16.7167 16.7167 2 1 0
1.1828 15.4547 15.4547 2 1 0
1.3317 14.367 14.367 2 1 0
1.50855 13.4587 13.4587 2 1 0
1.71223 12.7096 12.7096 2 1 0
1.9423 12.0902 12.0902 2 1 0
2.19926 11.5728 11.5728 2 1 0
2.48444 11.1351 11.1351 2 1 0
2.91477 10.6443 10.6443 2 1 0
1.06239 16.7167 16.7167 4 2 0
1.06239 16.7168 16.7168 4 2 0
1.0624 16.7168 16.7168 3 2 0
1.06247 16.717 16.717 3 2 0
1.06276 16.7179 16.7179 3 2 0
1.064 16.7213 16.7213 3 2 0
1.0675 16.7307 16.7307 3 2 0
1.07677 16.7516 16.7516 3 2 0
1.0993 16.7825 16.7825 3 2 0
1.13874 16.7869 16.7869 3 2 0
1.21301 16.7073 16.7073 3 2 0
1.35727 16.5054 16.5054 3 2 0
1.55517 16.3448 16.3448 3 2 0
1.78231 16.2955 16.2955 3 2 0
2.03583 16.3346 16.3346 3 2 0
2.31385 16.4364 16.4364 3 2 0
2.61447 16.5807 16.5807 3 2 0
