0.8 24.7502 24.7502 2 1 0
0.803149 24.7578 24.7578 1 1 0
0.806374 24.7654 24.7654 1 1 0
0.813061 24.7806 24.7806 1 1 0
0.823726 24.8034 24.8034 1 1 0
0.841307 24.8374 24.8374 1 1 0
0.871854 24.8881 24.8881 1 1 0
0.929589 24.963 24.963 1 1 0
0.958042 24.9927 24.9927 2 1 0
1.09663 25.0971 25.0971 2 1 0
1.31847 25.1938 25.1938 2 1 0
1.62823 25.2707 25.2707 2 1 0
1.97084 25.3226 25.3226 2 1 0
2.3624 25.3621 25.3621 2 1 0
2.80013 25.3931 25.3931 2 1 0
0.958038 24.9927 24.9927 4 2 0
0.958017 25.0063 24.979 4 2 0
0.958017 25.0128 24.9725 3 2 0
0.958022 25.0674 24.9177 4 2 0
0.958047 25.1762 24.8078 4 2 0
0.958162 25.3923 24.5866 4 2 0
0.958646 25.8192 24.1395 3 2 0
0.960017 26.4449 23.4539 3 2 0
0.962277 27.0807 22.7221 3 2 0
0.96541 27.702 21.9782 3 2 0
0.969454 28.3057 21.2147 3 2 0
0.97447 28.8944 20.4389 3 2 0
0.980556 29.4806 19.6541 3 2 0
0.987865 30.0557 18.858 3 2 0
0.996634 30.627 18.0568 3 2 0
1.00724 31.2098 17.2532 3 2 0
1.02028 31.8027 16.4511 3 2 0
1.0367 32.4219 15.6601 3 2 0
1.05764 33.0843 14.8915 3 2 0
1.08381 33.7944 14.162 3 2 0
1.11475 34.5403 13.4844 3 2 0
1.14955 35.3233 12.8537 3 2 0
1.18754 36.1163 12.2242 3 2 0
1.22832 36.912 11.6418 3 2 0
1.27163 37.7292 11.1156 3 2 0
1.31734 38.5411 10.5826 3 2 0
1.36538 39.3644 10.0708 3 2 0
1.41569 40.1811 9.59393 3 2 0
1.46829 40.9954 9.15717 3 2 0
1.52316 41.8163 8.69637 3 2 0
1.58032 42.6317 8.29761 3 2 0
1.63983 43.441 7.88908 3 2 0
1.70175 44.2527 7.4851 3 2 0
1.76607 45.0638 7.11789 3 2 0
1.83309 45.8604 6.76036 3 2 0
1.90245 46.6755 6.43384 3 2 0
1.97459 47.4668 6.08937 3 2 0
2.04947 48.2797 5.80023 3 2 0
2.12707 49.0655 5.46783 3 2 0
2.20762 49.8631 5.17865 3 2 0
2.29202 50.6658 4.92817 3 2 0
2.3786 51.4824 4.63477 3 2 0
2.46827 52.2673 4.37653 3 2 0
2.56422 53.1054 4.15167 3 2 0
