0.8 0 0 2 1 0
0.803149 36.5536 36.5536 1 1 0
0.806374 36.2109 36.2109 1 1 0
0.813061 35.5334 35.5334 1 1 0
0.823726 34.5369 34.5369 1 1 0
0.841307 33.0854 33.0854 1 1 0
0.871854 31.0026 31.0026 1 1 0
0.929589 28.0884 28.0884 1 1 0
0.958042 26.9819 26.9819 2 1 0
1.09663 23.3013 23.3013 2 1 0
1.31847 20.1672 20.1672 2 1 0
1.62823 17.862 17.862 2 1 0
1.97084 16.3988 16.3988 2 1 0
2.3624 15.3385 15.3385 2 1 0
2.80013 14.54 14.54 2 1 0
0.958038 26.9819 26.9819 4 2 0
0.958017 26.9828 26.9828 4 2 0
0.958017 26.9828 26.9828 3 2 0
0.958022 26.9829 26.9829 4 2 0
0.958047 26.9836 26.9836 4 2 0
0.958162 26.9866 26.9866 4 2 0
0.958646 26.9993 26.9993 3 2 0
0.960017 27.0347 27.0347 3 2 0
0.962277 27.091 27.091 3 2 0
0.96541 27.1648 27.1648 3 2 0
0.969454 27.2528 27.2528 3 2 0
0.97447 27.3513 27.3513 3 2 0
0.980556 27.4553 27.4553 3 2 0
0.987865 27.5593 27.5593 3 2 0
0.996634 27.6568 27.6568 3 2 0
1.00724 27.7396 27.7396 3 2 0
1.02028 27.798 27.798 3 2 0
1.0367 27.8208 27.8208 3 2 0
1.05764 27.7997 27.7997 3 2 0
1.08381 27.74 27.74 3 2 0
1.11475 27.6626 27.6626 3 2 0
1.14955 27.5881 27.5881 3 2 0
1.18754 27.5288 27.5288 3 2 0
1.22832 27.4905 27.4905 3 2 0
1.27163 27.4752 27.4752 3 2 0
1.31734 27.4832 27.4832 3 2 0
1.36538 27.5138 27.5138 3 2 0
1.4157 27.5659 27.5659 3 2 0
1.46829 27.6384 27.6384 3 2 0
1.52318 27.7297 27.7297 3 2 0
1.58033 27.8391 27.8391 3 2 0
1.63983 27.965 27.965 3 2 0
1.70171 28.1065 28.1065 3 2 0
1.76605 28.2627 28.2627 3 2 0
1.83295 28.4323 28.4323 3 2 0
1.90233 28.6155 28.6155 3 2 0
1.97434 28.8109 28.8109 3 2 0
2.04932 29.0183 29.0183 3 2 0
2.12687 29.2369 29.2369 3 2 0
2.20737 29.4659 29.4659 3 2 0
2.2907 29.7065 29.7065 3 2 0
2.37715 29.9572 29.9572 3 2 0
2.46686 30.2163 30.2163 3 2 0
2.56058 30.4879 30.4879 3 2 0
