1 0 0 2 1 0
1.00124 0 0 1 1 0
1.0025 0 0 1 1 0
1.00506 0 0 1 1 0
1.01034 0 0 1 1 0
1.02173 0 0 1 1 0
1.04143 235.21 235.21 1 1 0
1.06679 97.5385 97.5385 1 1 0
1.09994 66.1731 66.1731 1 1 0
1.14623 49.4385 49.4385 1 1 0
1.21618 38.2014 38.2014 1 1 0
1.33195 29.8346 29.8346 1 1 0
1.53723 23.4661 23.4661 1 1 0
1.64353 21.6442 21.6442 2 1 0
2.0246 17.9603 17.9603 2 1 0
1.64356 21.6442 21.6442 4 2 0
1.64357 21.6443 21.6443 4 2 0
1.64358 21.6444 21.6444 4 2 0
1.64362 21.6447 21.6447 4 2 0
1.64381 21.6462 21.6462 4 2 0
1.64459 21.6526 21.6526 3 2 0
1.64679 21.6702 21.6702 3 2 0
1.65043 21.6981 21.6981 3 2 0
1.65548 21.7348 21.7348 3 2 0
1.66201 21.7787 21.7787 3 2 0
1.67012 21.8279 21.8279 3 2 0
1.67998 21.8799 21.8799 3 2 0
1.69181 21.9318 21.9318 3 2 0
1.70595 21.9802 21.9802 3 2 0
1.7229 22.0206 22.0206 3 2 0
1.74345 22.0473 22.0473 3 2 0
1.76881 22.0531 22.0531 3 2 0
1.80081 22.0288 22.0288 3 2 0
1.84178 21.9657 21.9657 3 2 0
1.89345 21.8634 21.8634 3 2 0
1.95564 21.7355 21.7355 3 2 0
2.02693 21.6006 21.6006 3 2 0
