1 0 0 2 1 0
0.998776 23.9047 23.9047 1 1 0
0.997551 23.8668 23.8668 1 1 0
0.995103 23.7917 23.7917 1 1 0
0.990208 23.6442 23.6442 1 1 0
0.980426 23.3592 23.3592 1 1 0
0.965158 22.9393 22.9393 1 1 0
0.94991 22.5475 22.5475 1 1 0
0.934681 22.1813 22.1813 1 1 0
0.919469 21.8384 21.8384 1 1 0
0.910063 21.637 21.637 2 1 0
0.894876 21.3276 21.3276 2 1 0
0.879703 21.0368 21.0368 2 1 0
0.864543 20.7631 20.7631 2 1 0
0.849396 20.5052 20.5052 2 1 0
0.83426 20.262 20.262 2 1 0
0.819136 20.0326 20.0326 2 1 0
0.804021 19.8161 19.8161 2 1 0
0.788916 19.6116 19.6116 2 1 0
0.77382 19.4185 19.4185 2 1 0
0.758733 19.236 19.236 2 1 0
0.743654 19.0638 19.0638 2 1 0
0.728582 18.9011 18.9011 2 1 0
0.713517 18.7477 18.7477 2 1 0
0.698459 18.603 18.603 2 1 0
0.683408 18.4668 18.4668 2 1 0
0.668362 18.3387 18.3387 2 1 0
0.653322 18.2184 18.2184 2 1 0
0.638288 18.1058 18.1058 2 1 0
0.623259 18.0005 18.0005 2 1 0
0.608234 17.9025 17.9025 2 1 0
0.593214 17.8115 17.8115 2 1 0
0.578199 17.7275 17.7275 2 1 0
0.563187 17.6505 17.6505 2 1 0
0.548179 17.5803 17.5803 2 1 0
0.533175 17.5169 17.5169 2 1 0
0.518175 17.4604 17.4604 2 1 0
0.503177 17.4109 17.4109 2 1 0
0.488183 17.3683 17.3683 2 1 0
0.473191 17.333 17.333 2 1 0
0.458203 17.305 17.305 2 1 0
0.443216 17.2847 17.2847 2 1 0
0.428232 17.2722 17.2722 2 1 0
0.413251 17.268 17.268 2 1 0
0.398271 17.2725 17.2725 2 1 0
0.383293 17.2863 17.2863 2 1 0
0.368317 17.3099 17.3099 2 1 0
0.353342 17.3442 17.3442 2 1 0
0.338369 17.3901 17.3901 2 1 0
0.323396 17.4486 17.4486 2 1 0
0.308425 17.5213 17.5213 2 1 0
0.293455 17.6097 17.6097 2 1 0
0.278485 17.7158 17.7158 2 1 0
0.263516 17.8423 17.8423 2 1 0
0.248548 17.9922 17.9922 2 1 0
0.23358 18.1698 18.1698 2 1 0
0.218612 18.3804 18.3804 2 1 0
0.203644 18.631 18.631 2 1 0
0.188676 18.9311 18.9311 2 1 0
0.173709 19.2943 19.2943 2 1 0
0.158742 19.7397 19.7397 2 1 0
0.143776 20.2964 20.2964 2 1 0
0.128812 21.0108 21.0108 2 1 0
0.113853 21.9618 21.9618 2 1 0
0.1125 22.0637 22.0637 2 1 0
0.0975529 23.4463 23.4463 1 1 0
0.0826296 25.5803 25.5803 1 1 0
0.0677655 29.4362 29.4362 1 1 0
0.0530919 39.5038 39.5038 1 1 0
0.0398521 39.5038 39.5038 1 1 0
0.0389465 39.5038 39.5038 1 1 0
0.0411578 260.524 260.524 2 1 0
0.0446291 256.054 256.054 2 1 0
0.0490072 815.16 815.16 2 1 0
0.057111 815.16 815.16 2 1 0
0.0669257 70.6737 70.6737 2 1 0
0.0771504 58.5824 58.5824 2 1 0
0.0885188 56.8025 56.8025 2 1 0
0.105638 57.8777 57.8777 2 1 0
0.131357 60.3544 60.3544 2 1 0
0.169952 63.5285 63.5285 2 1 0
0.212415 65.1379 65.1379 2 1 0
0.27611 66.8342 66.8342 2 1 0
0.371655 66.3927 66.3927 2 1 0
0.514973 65.9359 65.9359 2 1 0
0.681002 65.9359 65.9359 1 1 0
1.181 65.9359 65.9359 1 1 0
1.681 65.9359 65.9359 1 1 0
0.910063 21.637 21.637 4 2 0
0.910119 21.6382 21.6382 4 2 0
0.910118 21.6382 21.6382 3 2 0
0.9101 21.6385 21.6385 4 2 0
0.91 21.6399 21.6399 3 2 0
0.909695 21.6441 21.6441 3 2 0
0.908887 21.6552 21.6552 3 2 0
0.907064 21.6796 21.6796 3 2 0
0.904425 21.7135 21.7135 3 2 0
0.900971 21.7553 21.7553 3 2 0
0.896697 21.803 21.803 3 2 0
0.89159 21.8543 21.8543 3 2 0
0.885635 21.9067 21.9067 3 2 0
0.878804 21.9574 21.9574 3 2 0
0.871068 22.0034 22.0034 3 2 0
0.86239 22.0419 22.0419 3 2 0
0.852743 22.0699 22.0699 3 2 0
0.842114 22.0851 22.0851 3 2 0
0.830525 22.0857 22.0857 3 2 0
0.818046 22.0713 22.0713 3 2 0
0.804798 22.0427 22.0427 3 2 0
0.790933 22.0022 22.0022 3 2 0
0.776611 21.9528 21.9528 3 2 0
0.761964 21.8977 21.8977 3 2 0
0.747097 21.8398 21.8398 3 2 0
0.732081 21.7814 21.7814 3 2 0
0.716965 21.7242 21.7242 3 2 0
0.701783 21.6694 21.6694 3 2 0
0.686562 21.6177 21.6177 3 2 0
0.671319 21.5699 21.5699 3 2 0
0.656069 21.5262 21.5262 3 2 0
0.640824 21.487 21.487 3 2 0
0.625593 21.4524 21.4524 3 2 0
0.610386 21.4224 21.4224 3 2 0
0.59521 21.3972 21.3972 3 2 0
0.580072 21.3766 21.3766 3 2 0
0.564979 21.3608 21.3608 3 2 0
0.549937 21.3495 21.3495 3 2 0
0.534952 21.3429 21.3429 3 2 0
0.52003 21.3407 21.3407 3 2 0
0.505177 21.343 21.343 3 2 0
0.490397 21.3495 21.3495 3 2 0
0.475697 21.3602 21.3602 3 2 0
0.461081 21.375 21.375 3 2 0
0.446553 21.3936 21.3936 3 2 0
0.43212 21.4161 21.4161 3 2 0
0.417783 21.442 21.442 3 2 0
0.403548 21.4714 21.4714 3 2 0
0.389418 21.504 21.504 3 2 0
0.375396 21.5396 21.5396 3 2 0
0.361483 21.578 21.578 3 2 0
0.347683 21.6189 21.6189 3 2 0
0.333996 21.6621 21.6621 3 2 0
0.320421 21.7072 21.7072 3 2 0
0.306959 21.754 21.754 3 2 0
0.293608 21.8022 21.8022 3 2 0
0.280364 21.8513 21.8513 3 2 0
0.267223 21.9011 21.9011 3 2 0
0.254179 21.9511 21.9511 3 2 0
0.241226 22.0009 22.0009 3 2 0
0.228352 22.0499 22.0499 3 2 0
0.215548 22.0976 22.0976 3 2 0
0.202801 22.1431 22.1431 3 2 0
0.190095 22.1854 22.1854 3 2 0
0.177419 22.2225 22.2225 3 2 0
0.164768 22.2505 22.2505 3 2 0
0.152168 22.2623 22.2623 3 2 0
0.13976 22.2455 22.2455 3 2 0
0.127988 22.1916 22.1916 3 2 0
0.118016 22.1158 22.1158 3 2 0
0.112626 22.065 22.065 3 2 0
0.1125 22.0638 22.0638 3 2 0
0.116427 22.1014 22.1014 3 2 0
0.116895 22.1057 22.1057 3 2 0
0.126328 22.1808 22.1808 3 2 0
0.138088 22.2402 22.2402 3 2 0
0.15051 22.262 22.262 3 2 0
0.163117 22.2532 22.2532 3 2 0
0.175771 22.2267 22.2267 3 2 0
0.188446 22.1906 22.1906 3 2 0
0.201147 22.1488 22.1488 3 2 0
0.213889 22.1036 22.1036 3 2 0
0.226685 22.0562 22.0562 3 2 0
0.239549 22.0073 22.0073 3 2 0
0.252491 21.9576 21.9576 3 2 0
0.265523 21.9076 21.9076 3 2 0
0.278651 21.8578 21.8578 3 2 0
0.291881 21.8085 21.8085 3 2 0
0.305218 21.7602 21.7602 3 2 0
0.318666 21.7132 21.7132 3 2 0
0.332225 21.6678 21.6678 3 2 0
0.345898 21.6244 21.6244 3 2 0
0.359683 21.5832 21.5832 3 2 0
0.373581 21.5445 21.5445 3 2 0
0.387589 21.5085 21.5085 3 2 0
0.401706 21.4755 21.4755 3 2 0
0.415927 21.4457 21.4457 3 2 0
0.43025 21.4192 21.4192 3 2 0
0.444672 21.3964 21.3964 3 2 0
0.459187 21.3772 21.3772 3 2 0
0.473792 21.3619 21.3619 3 2 0
0.488482 21.3507 21.3507 3 2 0
0.503251 21.3436 21.3436 3 2 0
0.518095 21.3408 21.3408 3 2 0
0.533008 21.3424 21.3424 3 2 0
0.547985 21.3484 21.3484 3 2 0
0.56302 21.359 21.359 3 2 0
0.578106 21.3743 21.3743 3 2 0
0.593239 21.3942 21.3942 3 2 0
0.60841 21.4189 21.4189 3 2 0
0.623614 21.4482 21.4482 3 2 0
0.638841 21.4823 21.4823 3 2 0
0.654085 21.5209 21.5209 3 2 0
0.669334 21.564 21.564 3 2 0
0.684577 21.6113 21.6113 3 2 0
0.699801 21.6624 21.6624 3 2 0
0.714986 21.7169 21.7169 3 2 0
0.73011 21.7739 21.7739 3 2 0
0.745137 21.8322 21.8322 3 2 0
0.76002 21.8902 21.8902 3 2 0
0.774691 21.9458 21.9458 3 2 0
0.789052 21.9961 21.9961 3 2 0
0.802975 22.0379 22.0379 3 2 0
0.816308 22.0683 22.0683 3 2 0
0.828896 22.0847 22.0847 3 2 0
0.840613 22.0861 22.0861 3 2 0
0.851378 22.0727 22.0727 3 2 0
0.861162 22.0463 22.0463 3 2 0
0.869971 22.009 22.009 3 2 0
0.877833 21.9638 21.9638 3 2 0
0.884783 21.9135 21.9135 3 2 0
0.890853 21.8612 21.8612 3 2 0
0.896071 21.8096 21.8096 3 2 0
0.900454 21.7613 21.7613 3 2 0
0.904016 21.7186 21.7186 3 2 0
0.906762 21.6836 21.6836 3 2 0
0.908694 21.6578 21.6578 3 2 0
0.909811 21.6425 21.6425 3 2 0
0.910114 21.6383 21.6383 3 2 0
0.909607 21.6453 21.6453 3 2 0
0.908286 21.6633 21.6633 3 2 0
0.906151 21.6916 21.6916 3 2 0
0.903201 21.7287 21.7287 3 2 0
0.899434 21.773 21.773 3 2 0
0.894842 21.8223 21.8223 3 2 0
0.889414 21.8744 21.8744 3 2 0
0.883127 21.9264 21.9264 3 2 0
0.875954 21.9757 21.9757 3 2 0
0.867862 22.0192 22.0192 3 2 0
0.858816 22.054 22.054 3 2 0
0.848793 22.0774 22.0774 3 2 0
0.837791 22.0871 22.0871 3 2 0
0.825851 22.082 22.082 3 2 0
0.813061 22.062 22.062 3 2 0
0.799558 22.0285 22.0285 3 2 0
0.785501 21.9842 21.9842 3 2 0
0.77104 21.9322 21.9322 3 2 0
0.756299 21.8758 21.8758 3 2 0
0.741368 21.8175 21.8175 3 2 0
0.726308 21.7593 21.7593 3 2 0
0.711164 21.7029 21.7029 3 2 0
0.695965 21.6492 21.6492 3 2 0
0.680733 21.599 21.599 3 2 0
0.665486 21.5527 21.5527 3 2 0
0.650237 21.5107 21.5107 3 2 0
0.634996 21.4732 21.4732 3 2 0
0.619773 21.4404 21.4404 3 2 0
0.604577 21.4122 21.4122 3 2 0
0.589415 21.3887 21.3887 3 2 0
0.574293 21.37 21.37 3 2 0
0.559219 21.3559 21.3559 3 2 0
0.544198 21.3465 21.3465 3 2 0
0.529236 21.3415 21.3415 3 2 0
0.51434 21.3411 21.3411 3 2 0
0.499514 21.345 21.345 3 2 0
0.484765 21.3531 21.3531 3 2 0
0.470096 21.3654 21.3654 3 2 0
0.455513 21.3817 21.3817 3 2 0
0.441021 21.4018 21.4018 3 2 0
0.426624 21.4256 21.4256 3 2 0
0.412326 21.4529 21.4529 3 2 0
0.398131 21.4835 21.4835 3 2 0
0.384041 21.5173 21.5173 3 2 0
0.370061 21.554 21.554 3 2 0
0.356191 21.5934 21.5934 3 2 0
0.342434 21.6352 21.6352 3 2 0
0.32879 21.6791 21.6791 3 2 0
0.315259 21.7249 21.7249 3 2 0
0.301839 21.7723 21.7723 3 2 0
0.288529 21.8209 21.8209 3 2 0
0.275325 21.8703 21.8703 3 2 0
0.262222 21.9202 21.9202 3 2 0
0.249214 21.9702 21.9702 3 2 0
0.236292 22.0197 22.0197 3 2 0
0.223447 22.0683 22.0683 3 2 0
0.210666 22.1153 22.1153 3 2 0
0.197936 22.1598 22.1598 3 2 0
0.185244 22.2003 22.2003 3 2 0
0.172576 22.2346 22.2346 3 2 0
0.159938 22.2575 22.2575 3 2 0
