0.15 0 0 2 1 0
0.148814 22.596 22.596 1 1 0
0.147628 22.5656 22.5656 1 1 0
0.145256 22.5053 22.5053 1 1 0
0.140514 22.3867 22.3867 1 1 0
0.131039 22.1571 22.1571 1 1 0
0.116259 21.8173 21.8173 1 1 0
0.108023 21.6371 21.6371 2 1 0
0.0932902 21.3299 21.3299 2 1 0
0.0785862 21.0416 21.0416 2 1 0
0.0639115 20.7706 20.7706 2 1 0
0.049266 20.5158 20.5158 2 1 0
0.0346499 20.276 20.276 2 1 0
0.0200633 20.0503 20.0503 2 1 0
0.00550688 19.8378 19.8378 2 1 0
-0.00901902 19.6376 19.6376 2 1 0
0.108023 21.6371 21.6371 4 2 0
0.108082 21.6384 21.6384 4 2 0
0.108081 21.6384 21.6384 3 2 0
0.108063 21.6387 21.6387 4 2 0
0.107966 21.6401 21.6401 3 2 0
0.107667 21.6444 21.6444 3 2 0
0.106876 21.6556 21.6556 3 2 0
0.105092 21.6804 21.6804 3 2 0
0.102511 21.7146 21.7146 3 2 0
0.0991336 21.7569 21.7569 3 2 0
0.094955 21.8051 21.8051 3 2 0
0.0899655 21.8569 21.8569 3 2 0
0.0841492 21.9097 21.9097 3 2 0
0.0774828 21.9608 21.9608 3 2 0
0.0699379 22.0071 22.0071 3 2 0
0.0614843 22.0457 22.0457 3 2 0
0.0520982 22.0737 22.0737 3 2 0
0.0417751 22.0887 22.0887 3 2 0
0.0305445 22.0891 22.0891 3 2 0
0.0184825 22.0746 22.0746 3 2 0
0.00571241 22.0459 22.0459 3 2 0
-0.00761329 22.0056 22.0056 3 2 0
