1.5 24.9926 24.9926 2 1 0
1.51018 24.9996 24.9996 1 1 0
1.52052 25.0065 25.0065 1 1 0
1.54165 25.02 25.02 1 1 0
1.57453 25.0395 25.0395 1 1 0
1.62665 25.0673 25.0673 1 1 0
1.6436 25.0757 25.0757 2 1 0
1.73023 25.1139 25.1139 2 1 0
1.87727 25.1657 25.1657 2 1 0
2.09125 25.2222 25.2222 2 1 0
1.6436 25.0757 25.0757 4 2 0
1.64357 25.1026 25.0487 4 2 0
1.64357 25.1069 25.0445 3 2 0
1.64359 25.2147 24.9361 4 2 0
1.64375 25.4293 24.7183 4 2 0
1.64446 25.8542 24.2784 3 2 0
1.64655 26.4814 23.6084 3 2 0
1.65005 27.1209 22.8983 3 2 0
1.65494 27.7481 22.1757 3 2 0
1.66129 28.3689 21.4377 3 2 0
1.66921 28.9754 20.6934 3 2 0
1.67884 29.5726 19.9357 3 2 0
1.69041 30.1723 19.1683 3 2 0
1.70423 30.7674 18.396 3 2 0
1.7208 31.3638 17.621 3 2 0
1.74084 31.9653 16.8487 3 2 0
1.76551 32.5899 16.0824 3 2 0
1.79653 33.2416 15.3321 3 2 0
1.83614 33.9338 14.6303 3 2 0
1.88606 34.6717 13.9527 3 2 0
1.94623 35.4494 13.3347 3 2 0
2.01533 36.2542 12.7986 3 2 0
