1.5 0 0 2 1 0
1.51018 24.0364 24.0364 1 1 0
1.52052 23.8122 23.8122 1 1 0
1.54165 23.3777 23.3777 1 1 0
1.57453 22.7587 22.7587 1 1 0
1.62665 21.8972 21.8972 1 1 0
1.6436 21.6438 21.6438 2 1 0
1.73023 20.5128 20.5128 2 1 0
1.87727 19.0509 19.0509 2 1 0
2.09125 17.5516 17.5516 2 1 0
1.6436 21.6438 21.6438 4 2 0
1.64357 21.6443 21.6443 4 2 0
1.64357 21.6443 21.6443 3 2 0
1.64359 21.6445 21.6445 4 2 0
1.64375 21.6458 21.6458 4 2 0
1.64446 21.6516 21.6516 3 2 0
1.64655 21.6683 21.6683 3 2 0
1.65005 21.6953 21.6953 3 2 0
1.65494 21.731 21.731 3 2 0
1.66129 21.7741 21.7741 3 2 0
1.66921 21.8226 21.8226 3 2 0
1.67884 21.8743 21.8743 3 2 0
1.69041 21.9262 21.9262 3 2 0
1.70423 21.9751 21.9751 3 2 0
1.7208 22.0165 22.0165 3 2 0
1.74084 22.0451 22.0451 3 2 0
1.76551 22.0538 22.0538 3 2 0
1.79653 22.0336 22.0336 3 2 0
1.83614 21.9758 21.9758 3 2 0
1.88606 21.8787 21.8787 3 2 0
1.94623 21.7545 21.7545 3 2 0
2.01533 21.6214 21.6214 3 2 0
