0.03 41.3749 41.3749 2 1 0
0.0300321 41.3367 41.3367 1 1 0
0.0300642 41.2984 41.2984 1 1 0
0.0301285 41.2218 41.2218 1 1 0
0.0302576 41.0683 41.0683 1 1 0
0.0305175 40.7605 40.7605 1 1 0
0.0309287 40.2776 40.2776 1 1 0
0.0313464 39.7929 39.7929 1 1 0
0.0317714 39.3066 39.3066 1 1 0
0.0322042 38.8191 38.8191 1 1 0
0.0326453 38.3307 38.3307 1 1 0
0.0330955 37.8415 37.8415 1 1 0
0.0335551 37.3515 37.3515 1 1 0
0.0340249 36.8611 36.8611 1 1 0
0.0345053 36.3702 36.3702 1 1 0
0.034997 35.8788 35.8788 1 1 0
0.0355006 35.3872 35.3872 1 1 0
0.0360167 34.8952 34.8952 1 1 0
0.0365459 34.403 34.403 1 1 0
0.0370889 33.9106 33.9106 1 1 0
0.0376464 33.418 33.418 1 1 0
0.0382191 32.9253 32.9253 1 1 0
0.0388077 32.4324 32.4324 1 1 0
0.0394131 31.9394 31.9394 1 1 0
0.0400361 31.4463 31.4463 1 1 0
0.0406775 30.9531 30.9531 1 1 0
0.0413383 30.4598 30.4598 1 1 0
0.0420194 29.9664 29.9664 1 1 0
0.042722 29.4729 29.4729 1 1 0
0.0434471 28.9794 28.9794 1 1 0
0.0441958 28.4859 28.4859 1 1 0
0.044851 28.0668 28.0668 2 1 0
0.0456469 27.5732 27.5732 2 1 0
0.0464702 27.0795 27.0795 2 1 0
0.0473225 26.5857 26.5857 2 1 0
0.0482055 26.092 26.092 2 1 0
0.0491207 25.5982 25.5982 2 1 0
0.0500701 25.1043 25.1043 2 1 0
0.0510558 24.6105 24.6105 2 1 0
0.0520797 24.1166 24.1166 2 1 0
0.0531444 23.6227 23.6227 2 1 0
0.0542523 23.1288 23.1288 2 1 0
0.0554061 22.6349 22.6349 2 1 0
0.0566089 22.1409 22.1409 2 1 0
0.0578638 21.647 21.647 2 1 0
0.0591743 21.153 21.153 2 1 0
0.0605443 20.659 20.659 2 1 0
0.0619779 20.165 20.165 2 1 0
0.0634798 19.6711 19.6711 2 1 0
0.0650549 19.1771 19.1771 2 1 0
0.0667088 18.6831 18.6831 2 1 0
0.0684476 18.1891 18.1891 2 1 0
0.0702781 17.695 17.695 2 1 0
0.0722076 17.201 17.201 2 1 0
0.0742446 16.707 16.707 2 1 0
0.0763983 16.213 16.213 2 1 0
0.078679 15.719 15.719 2 1 0
0.0810984 15.2251 15.2251 2 1 0
0.0836695 14.7311 14.7311 2 1 0
0.086407 14.2371 14.2371 2 1 0
0.0893279 13.7431 13.7431 2 1 0
0.0924509 13.2492 13.2492 2 1 0
0.0957981 12.7553 12.7553 2 1 0
0.0993943 12.2614 12.2614 2 1 0
0.103269 11.7675 11.7675 2 1 0
0.107454 11.2736 11.2736 2 1 0
0.111991 10.7798 10.7798 2 1 0
0.116924 10.286 10.286 2 1 0
0.122308 9.79224 9.79224 2 1 0
0.128208 9.29854 9.29854 2 1 0
0.134701 8.8049 8.8049 2 1 0
0.141881 8.31133 8.31133 2 1 0
0.149865 7.81785 7.81785 2 1 0
0.158793 7.32447 7.32447 2 1 0
0.168844 6.83121 6.83121 2 1 0
0.180244 6.33811 6.33811 2 1 0
0.19328 5.8452 5.8452 2 1 0
0.208332 5.35254 5.35254 2 1 0
0.225904 4.86022 4.86022 2 1 0
0.246679 4.36833 4.36833 2 1 0
0.271612 3.87706 3.87706 2 1 0
0.302071 3.38669 3.38669 2 1 0
0.34008 2.89766 2.89766 2 1 0
0.388749 2.4108 2.4108 2 1 0
0.453043 1.9277 1.9277 2 1 0
0.541182 1.45163 1.45163 2 1 0
0.666878 0.990057 0.990057 2 1 0
0.826375 0.606321 0.606321 1 1 0
1.07769 0.231043 0.231043 1 1 0
1.22854 0.0780803 0.0780803 1 1 0
1.29772 0.0129057 0.0129057 1 1 0
1.29908 0.00889659 0.00889659 1 1 0
1.29261 0.00374876 0.00374876 2 1 0
1.28599 0.00260418 0.00260418 2 1 0
1.27869 0.00193686 0.00193686 2 1 0
1.26732 0.00135854 0.00135854 2 1 0
1.24994 0.000904216 0.000904216 2 1 0
1.22367 0.000575465 0.000575465 2 1 0
1.18418 0.000352454 0.000352454 2 1 0
1.14069 0.000236644 0.000236644 2 1 0
1.07544 0.000150764 0.000150764 2 1 0
0.977559 9.1531e-05 9.1531e-05 2 1 0
0.830729 5.28211e-05 5.28211e-05 2 1 0
0.610482 2.77877e-05 2.77877e-05 2 1 0
0.368209 1.58844e-05 1.58844e-05 2 1 0
0.00479956 6.43881e-06 6.43881e-06 2 1 0
-0.270002 2.47044e-10 2.47044e-10 2 1 0
-0.270002 2.47044e-10 2.47044e-10 2 2 0
-0.270002 2.47044e-10 2.47044e-10 2 2 0
0.044851 28.0668 28.0668 4 2 0
0.0448507 28.0942 28.0398 4 2 0
0.0448507 28.0953 28.0386 3 2 0
0.0448514 28.2037 27.929 4 2 0
0.0448554 28.4175 27.7071 3 2 0
0.044868 28.7314 27.3675 3 2 0
0.044902 29.1866 26.844 3 2 0
0.0449794 29.7858 26.0901 3 2 0
0.0450926 30.3448 25.3061 3 2 0
0.0452428 30.8688 24.4921 3 2 0
0.0454316 31.3466 23.6572 3 2 0
0.0456613 31.7795 22.7961 3 2 0
0.0459348 32.1727 21.9169 3 2 0
0.0462562 32.517 21.0211 3 2 0
0.0466308 32.8097 20.1151 3 2 0
0.0470649 33.048 19.2085 3 2 0
0.0475663 33.2278 18.2991 3 2 0
0.0481434 33.3419 17.4022 3 2 0
0.0488041 33.3864 16.5354 3 2 0
0.049553 33.3564 15.7028 3 2 0
0.050389 33.2526 14.9227 3 2 0
0.0513052 33.0795 14.1877 3 2 0
0.0522926 32.852 13.5175 3 2 0
0.0533437 32.5791 12.8988 3 2 0
0.0544545 32.2757 12.326 3 2 0
0.0556235 31.9407 11.7899 3 2 0
0.0568509 31.5811 11.2861 3 2 0
0.0581381 31.2006 10.7805 3 2 0
0.0594875 30.8002 10.3136 3 2 0
0.0609019 30.3807 9.86928 3 2 0
0.0623847 29.9538 9.458 3 2 0
0.0639399 29.5078 9.03842 3 2 0
0.0655719 29.0451 8.62811 3 2 0
0.0672855 28.5716 8.24852 3 2 0
0.0690862 28.0809 7.8797 3 2 0
0.0709799 27.5865 7.50656 3 2 0
0.0729731 27.075 7.14948 3 2 0
0.075073 26.5464 6.81649 3 2 0
0.0772875 26.0161 6.49868 3 2 0
0.0796255 25.4642 6.18454 3 2 0
0.0820966 24.9105 5.86546 3 2 0
0.0847114 24.3418 5.55775 3 2 0
0.087482 23.7614 5.26684 3 2 0
0.0904215 23.1677 4.99388 3 2 0
0.0935446 22.5623 4.7329 3 2 0
0.096868 21.9536 4.4602 3 2 0
0.10041 21.3312 4.21534 3 2 0
0.104192 20.6938 3.95974 3 2 0
0.108237 20.0511 3.71734 3 2 0
0.112572 19.3997 3.48912 3 2 0
0.117228 18.7341 3.27335 3 2 0
0.122239 18.0598 3.06027 3 2 0
0.127647 17.3774 2.86302 3 2 0
0.133498 16.6817 2.67365 3 2 0
0.139846 15.978 2.4711 3 2 0
0.146756 15.2659 2.29233 3 2 0
0.154302 14.5412 2.12404 3 2 0
0.162575 13.8058 1.95575 3 2 0
0.171682 13.0641 1.79834 3 2 0
0.181753 12.3126 1.65065 3 2 0
0.192946 11.5499 1.50794 3 2 0
0.205457 10.7775 1.37542 3 2 0
0.219529 9.99463 1.25092 3 2 0
0.235471 9.2034 1.1285 3 2 0
0.253678 8.40263 1.01606 3 2 0
0.274657 7.59479 0.911692 3 2 0
0.299091 6.78388 0.815346 3 2 0
0.327899 5.96804 0.726354 3 2 0
0.362366 5.14976 0.64524 3 2 0
0.404363 4.33282 0.572419 3 2 0
0.456756 3.51886 0.509013 3 2 0
0.5243 2.71474 0.453591 3 2 0
0.615757 1.91677 0.411977 3 2 0
0.74772 1.11745 0.412946 3 2 0
0.785888 0.919631 0.444335 3 2 0
0.818731 0.71713 0.522015 3 2 0
0.826176 0.607454 0.605595 3 2 0
0.752457 1.09233 0.415544 3 2 0
0.658879 1.62143 0.402722 3 2 0
0.591116 2.10593 0.419998 3 2 0
0.531901 2.63722 0.448496 3 2 0
0.479312 3.22537 0.487504 3 2 0
0.432192 3.87756 0.535997 3 2 0
0.384826 4.69276 0.603382 3 2 0
0.346413 5.51134 0.681212 3 2 0
0.314617 6.32979 0.766686 3 2 0
0.287862 7.14522 0.859423 3 2 0
0.265041 7.95552 0.958114 3 2 0
0.245352 8.75869 1.06639 3 2 0
0.228197 9.55311 1.18028 3 2 0
0.21312 10.341 1.30184 3 2 0
0.199768 11.1169 1.43326 3 2 0
0.187863 11.8816 1.57419 3 2 0
0.177186 12.6458 1.71416 3 2 0
0.167558 13.393 1.86898 3 2 0
0.158833 14.1281 2.0345 3 2 0
0.150892 14.8608 2.19859 3 2 0
0.143636 15.5785 2.37041 3 2 0
0.136982 16.2907 2.55289 3 2 0
0.130861 16.9859 2.74396 3 2 0
0.125211 17.6794 2.94612 3 2 0
0.119983 18.3596 3.16083 3 2 0
0.115133 19.0295 3.3704 3 2 0
0.110623 19.6866 3.59177 3 2 0
0.106419 20.3326 3.81996 3 2 0
0.102493 20.9782 4.06179 3 2 0
0.09882 21.6064 4.31727 3 2 0
0.0953768 22.2193 4.57149 3 2 0
0.0921439 22.8345 4.83726 3 2 0
0.0891037 23.4299 5.10734 3 2 0
0.0862404 24.0155 5.39131 3 2 0
0.0835401 24.593 5.68476 3 2 0
0.08099 25.1592 5.98805 3 2 0
0.0785789 25.7093 6.30609 3 2 0
0.0762965 26.2541 6.62916 3 2 0
0.0741335 26.7844 6.96979 3 2 0
0.0720816 27.2987 7.30525 3 2 0
0.0701331 27.8069 7.6803 3 2 0
0.0682813 28.2966 8.04343 3 2 0
0.0665197 28.7829 8.41189 3 2 0
0.0648427 29.2488 8.81047 3 2 0
0.0632452 29.7022 9.21869 3 2 0
0.0617224 30.1454 9.6305 3 2 0
0.0602703 30.571 10.079 3 2 0
0.0588851 30.9784 10.525 3 2 0
0.0575636 31.367 10.9947 3 2 0
0.0563032 31.742 11.4908 3 2 0
0.055102 32.0918 12.0185 3 2 0
0.0539591 32.4149 12.5796 3 2 0
0.052875 32.7048 13.165 3 2 0
0.0518523 32.957 13.8029 3 2 0
0.0508964 33.1604 14.4952 3 2 0
0.050015 33.3052 15.2518 3 2 0
0.0492166 33.3769 16.0563 3 2 0
0.0485059 33.3732 16.9085 3 2 0
0.0478818 33.2998 17.7981 3 2 0
0.0473382 33.1569 18.6994 3 2 0
0.0468669 32.9507 19.6076 3 2 0
0.0464596 32.6842 20.5175 3 2 0
0.046109 32.3715 21.421 3 2 0
0.045809 32.0082 22.3065 3 2 0
0.0455552 31.5966 23.1739 3 2 0
0.0453438 31.1427 24.0238 3 2 0
0.0451722 30.645 24.8512 3 2 0
0.0450384 30.1055 25.6536 3 2 0
0.044941 29.5277 26.4247 3 2 0
0.044879 28.9106 27.166 3 2 0
0.044852 28.2562 27.8751 3 2 0
0.0448507 28.0781 28.0559 3 2 0
0.0448674 28.7201 27.38 3 2 0
0.0448674 28.7212 27.3789 3 2 0
0.0449189 29.3486 26.648 3 2 0
0.0450057 29.9381 25.8861 3 2 0
0.0451286 30.4891 25.0944 3 2 0
0.0452888 30.9995 24.2738 3 2 0
0.0454882 31.4668 23.4287 3 2 0
0.0457291 31.8906 22.5632 3 2 0
0.0460148 32.2694 21.6794 3 2 0
0.0463497 32.5988 20.782 3 2 0
0.0467393 32.8778 19.8765 3 2 0
0.0471904 33.1017 18.965 3 2 0
0.047711 33.2641 18.0584 3 2 0
0.0483095 33.36 17.1676 3 2 0
0.0489932 33.3856 16.3042 3 2 0
0.0497654 33.3359 15.4831 3 2 0
0.0506234 33.2132 14.7243 3 2 0
0.0515593 33.0264 14.0197 3 2 0
0.0525641 32.7864 13.3627 3 2 0
0.0536313 32.5055 12.7528 3 2 0
0.0547576 32.1905 12.1806 3 2 0
0.0559419 31.8476 11.6435 3 2 0
0.0571849 31.4807 11.145 3 2 0
0.0584882 31.0921 10.6572 3 2 0
0.0598545 30.6869 10.1935 3 2 0
0.0612866 30.2729 9.76601 3 2 0
0.0627881 29.8348 9.35151 3 2 0
0.0643632 29.3818 8.92792 3 2 0
0.0660162 28.9188 8.5302 3 2 0
0.0677523 28.4431 8.15733 3 2 0
0.0695769 27.9563 7.77427 3 2 0
0.0714962 27.4496 7.40557 3 2 0
0.0735169 26.9365 7.05725 3 2 0
0.0756462 26.4123 6.72453 3 2 0
0.0778925 25.8679 6.40034 3 2 0
0.0802646 25.3223 6.07939 3 2 0
0.0827726 24.7622 5.77325 3 2 0
0.0854273 24.1894 5.48768 3 2 0
0.0882411 23.6014 5.19299 3 2 0
0.0912276 23.0064 4.91191 3 2 0
0.0944019 22.4055 4.65983 3 2 0
0.0977811 21.791 4.391 3 2 0
0.101384 21.1613 4.13369 3 2 0
0.105233 20.5276 3.89126 3 2 0
0.109352 19.8819 3.66294 3 2 0
0.113769 19.2218 3.44668 3 2 0
0.118515 18.5552 3.21246 3 2 0
0.123627 17.8816 3.00436 3 2 0
0.129147 17.1944 2.80792 3 2 0
0.135123 16.4976 2.61263 3 2 0
0.141613 15.792 2.42332 3 2 0
