0.03 0 0 2 1 0
0.0300321 51.9353 51.9353 1 1 0
0.0300642 51.6324 51.6324 1 1 0
0.0301285 51.041 51.041 1 1 0
0.0302576 49.9124 49.9124 1 1 0
0.0305175 47.8487 47.8487 1 1 0
0.0309287 45.0521 45.0521 1 1 0
0.0313464 42.6656 42.6656 1 1 0
0.0317714 40.5985 40.5985 1 1 0
0.0322042 38.7858 38.7858 1 1 0
0.0326453 37.1791 37.1791 1 1 0
0.0330955 35.7422 35.7422 1 1 0
0.0335551 34.4469 34.4469 1 1 0
0.0340249 33.2713 33.2713 1 1 0
0.0345053 32.1978 32.1978 1 1 0
0.034997 31.2121 31.2121 1 1 0
0.0355006 30.3029 30.3029 1 1 0
0.0360167 29.4603 29.4603 1 1 0
0.0365459 28.6766 28.6766 1 1 0
0.0370889 27.9449 27.9449 1 1 0
0.0376464 27.2595 27.2595 1 1 0
0.0382191 26.6155 26.6155 1 1 0
0.0388077 26.0088 26.0088 1 1 0
0.0394131 25.4357 25.4357 1 1 0
0.0400361 24.8931 24.8931 1 1 0
0.0406775 24.3782 24.3782 1 1 0
0.0413383 23.8885 23.8885 1 1 0
0.0420194 23.422 23.422 1 1 0
0.042722 22.9766 22.9766 1 1 0
0.0434471 22.5507 22.5507 1 1 0
0.0441958 22.1428 22.1428 1 1 0
0.044851 21.8096 21.8096 2 1 0
0.0456469 21.4315 21.4315 2 1 0
0.0464702 21.0677 21.0677 2 1 0
0.0473225 20.7174 20.7174 2 1 0
0.0482055 20.3796 20.3796 2 1 0
0.0491207 20.0533 20.0533 2 1 0
0.0500701 19.738 19.738 2 1 0
0.0510558 19.4328 19.4328 2 1 0
0.0520797 19.137 19.137 2 1 0
0.0531444 18.8502 18.8502 2 1 0
0.0542523 18.5717 18.5717 2 1 0
0.0554061 18.301 18.301 2 1 0
0.0566089 18.0377 18.0377 2 1 0
0.0578638 17.7813 17.7813 2 1 0
0.0591743 17.5314 17.5314 2 1 0
0.0605443 17.2875 17.2875 2 1 0
0.0619779 17.0495 17.0495 2 1 0
0.0634798 16.8168 16.8168 2 1 0
0.0650549 16.5892 16.5892 2 1 0
0.0667088 16.3664 16.3664 2 1 0
0.0684476 16.1481 16.1481 2 1 0
0.0702781 15.934 15.934 2 1 0
0.0722076 15.7239 15.7239 2 1 0
0.0742446 15.5175 15.5175 2 1 0
0.0763983 15.3146 15.3146 2 1 0
0.078679 15.1149 15.1149 2 1 0
0.0810984 14.9183 14.9183 2 1 0
0.0836695 14.7245 14.7245 2 1 0
0.086407 14.5334 14.5334 2 1 0
0.0893279 14.3447 14.3447 2 1 0
0.0924509 14.1582 14.1582 2 1 0
0.0957981 13.9738 13.9738 2 1 0
0.0993943 13.7913 13.7913 2 1 0
0.103269 13.6105 13.6105 2 1 0
0.107454 13.4313 13.4313 2 1 0
0.111991 13.2534 13.2534 2 1 0
0.116924 13.0767 13.0767 2 1 0
0.122308 12.9011 12.9011 2 1 0
0.128208 12.7264 12.7264 2 1 0
0.134701 12.5526 12.5526 2 1 0
0.141881 12.3794 12.3794 2 1 0
0.149865 12.2069 12.2069 2 1 0
0.158793 12.0351 12.0351 2 1 0
0.168844 11.8639 11.8639 2 1 0
0.180244 11.6937 11.6937 2 1 0
0.19328 11.5248 11.5248 2 1 0
0.208332 11.3579 11.3579 2 1 0
0.225904 11.194 11.194 2 1 0
0.246679 11.0353 11.0353 2 1 0
0.271612 10.8849 10.8849 2 1 0
0.302071 10.7486 10.7486 2 1 0
0.34008 10.6369 10.6369 2 1 0
0.388749 10.5698 10.5698 2 1 0
0.453043 10.5886 10.5886 2 1 0
0.541182 10.7893 10.7893 2 1 0
0.666878 11.4331 11.4331 2 1 0
0.826375 13.0744 13.0744 1 1 0
1.07769 20.7805 20.7805 1 1 0
1.22854 48.5819 48.5819 1 1 0
1.29772 26.4591 26.4591 1 1 0
1.29908 17.8438 17.8438 1 1 0
1.29261 20.667 20.667 2 1 0
1.28599 29.8438 29.8438 2 1 0
1.27869 176.911 176.911 2 1 0
1.26732 176.911 176.911 2 1 0
1.24994 176.911 176.911 2 1 0
1.22367 176.911 176.911 2 1 0
1.18418 176.911 176.911 2 1 0
1.14069 176.911 176.911 2 1 0
1.07544 176.911 176.911 2 1 0
0.977559 176.911 176.911 2 1 0
0.830729 176.911 176.911 2 1 0
0.610482 176.911 176.911 2 1 0
0.368209 176.911 176.911 2 1 0
0.00479957 59.8276 59.8276 2 1 0
-0.270002 59.8276 59.8276 2 1 0
-0.270002 59.8276 59.8276 2 2 0
-0.270002 59.8276 59.8276 2 2 0
0.044851 21.8096 21.8096 4 2 0
0.0448507 21.8098 21.8098 4 2 0
0.0448507 21.8098 21.8098 3 2 0
0.0448514 21.8099 21.8099 4 2 0
0.0448554 21.8109 21.8109 3 2 0
0.044868 21.8138 21.8138 3 2 0
0.044902 21.8215 21.8215 3 2 0
0.0449794 21.8387 21.8387 3 2 0
0.0450926 21.8628 21.8628 3 2 0
0.0452428 21.8927 21.8927 3 2 0
0.0454316 21.9272 21.9272 3 2 0
0.0456613 21.9646 21.9646 3 2 0
0.0459348 22.0029 22.0029 3 2 0
0.0462562 22.0398 22.0398 3 2 0
0.0466308 22.0727 22.0727 3 2 0
0.0470649 22.0983 22.0983 3 2 0
0.0475663 22.1132 22.1132 3 2 0
0.0481434 22.1137 22.1137 3 2 0
0.0488041 22.0964 22.0964 3 2 0
0.049553 22.0589 22.0589 3 2 0
0.050389 22.0012 22.0012 3 2 0
0.0513052 21.9257 21.9257 3 2 0
0.0522926 21.8368 21.8368 3 2 0
0.0533437 21.7392 21.7392 3 2 0
0.0544545 21.6368 21.6368 3 2 0
0.0556235 21.5322 21.5322 3 2 0
0.0568509 21.4275 21.4275 3 2 0
0.0581381 21.3237 21.3237 3 2 0
0.0594875 21.2218 21.2218 3 2 0
0.0609019 21.1222 21.1222 3 2 0
0.0623847 21.0252 21.0252 3 2 0
0.0639399 20.9311 20.9311 3 2 0
0.0655719 20.84 20.84 3 2 0
0.0672855 20.7518 20.7518 3 2 0
0.0690862 20.6665 20.6665 3 2 0
0.0709799 20.5841 20.5841 3 2 0
0.0729731 20.5046 20.5046 3 2 0
0.075073 20.4278 20.4278 3 2 0
0.0772876 20.3535 20.3535 3 2 0
0.0796255 20.2817 20.2817 3 2 0
0.0820966 20.2123 20.2123 3 2 0
0.0847115 20.1449 20.1449 3 2 0
0.087482 20.0796 20.0796 3 2 0
0.0904215 20.016 20.016 3 2 0
0.0935446 19.9541 19.9541 3 2 0
0.0968679 19.8935 19.8935 3 2 0
0.10041 19.834 19.834 3 2 0
0.104192 19.7755 19.7755 3 2 0
0.108237 19.7176 19.7176 3 2 0
0.112572 19.66 19.66 3 2 0
0.117228 19.6023 19.6023 3 2 0
0.122239 19.5443 19.5443 3 2 0
0.127647 19.4855 19.4855 3 2 0
0.133498 19.4254 19.4254 3 2 0
0.139846 19.3634 19.3634 3 2 0
0.146756 19.299 19.299 3 2 0
0.154302 19.2314 19.2314 3 2 0
0.162575 19.1597 19.1597 3 2 0
0.171682 19.0829 19.0829 3 2 0
0.181753 18.9996 18.9996 3 2 0
0.192946 18.9084 18.9084 3 2 0
0.205457 18.8072 18.8072 3 2 0
0.219529 18.6935 18.6935 3 2 0
0.235471 18.5641 18.5641 3 2 0
0.253676 18.4147 18.4147 3 2 0
0.274656 18.2396 18.2396 3 2 0
0.299089 18.0309 18.0309 3 2 0
0.327896 17.7779 17.7779 3 2 0
0.362363 17.4654 17.4654 3 2 0
0.404359 17.0715 17.0715 3 2 0
0.456751 16.5641 16.5641 3 2 0
0.524293 15.8953 15.8953 3 2 0
0.615747 14.9935 14.9935 3 2 0
0.747706 13.7678 13.7678 3 2 0
0.785874 13.4295 13.4295 3 2 0
0.818723 13.1401 13.1401 3 2 0
0.826176 13.0747 13.0747 3 2 0
0.752456 13.7255 13.7255 3 2 0
0.658879 14.5806 14.5806 3 2 0
0.591116 15.2337 15.2337 3 2 0
0.531901 15.8196 15.8196 3 2 0
0.479312 16.3418 16.3418 3 2 0
0.432192 16.8038 16.8038 3 2 0
0.384826 17.2564 17.2564 3 2 0
0.346413 17.6113 17.6113 3 2 0
0.314617 17.8955 17.8955 3 2 0
0.287862 18.1274 18.1274 3 2 0
0.265041 18.3203 18.3203 3 2 0
0.245352 18.4833 18.4833 3 2 0
0.228197 18.6233 18.6233 3 2 0
0.21312 18.7453 18.7453 3 2 0
0.199768 18.8532 18.8532 3 2 0
0.187863 18.9497 18.9497 3 2 0
0.177186 19.0372 19.0372 3 2 0
0.167557 19.1174 19.1174 3 2 0
0.158832 19.1918 19.1918 3 2 0
0.150892 19.2616 19.2616 3 2 0
0.143636 19.3277 19.3277 3 2 0
0.136982 19.391 19.391 3 2 0
0.130861 19.4521 19.4521 3 2 0
0.125211 19.5115 19.5115 3 2 0
0.119983 19.5699 19.5699 3 2 0
0.115133 19.6278 19.6278 3 2 0
0.110623 19.6853 19.6853 3 2 0
0.106419 19.7431 19.7431 3 2 0
0.102493 19.8012 19.8012 3 2 0
0.0988202 19.8601 19.8601 3 2 0
0.095377 19.92 19.92 3 2 0
0.0921441 19.9812 19.9812 3 2 0
0.0891038 20.0438 20.0438 3 2 0
0.0862406 20.1082 20.1082 3 2 0
0.0835402 20.1744 20.1744 3 2 0
0.0809902 20.2426 20.2426 3 2 0
0.078579 20.3131 20.3131 3 2 0
0.0762966 20.3859 20.3859 3 2 0
0.0741336 20.4613 20.4613 3 2 0
0.0720817 20.5393 20.5393 3 2 0
0.0701333 20.6201 20.6201 3 2 0
0.0682814 20.7037 20.7037 3 2 0
0.0665198 20.7903 20.7903 3 2 0
0.0648428 20.8798 20.8798 3 2 0
0.0632453 20.9722 20.9722 3 2 0
0.0617225 21.0676 21.0676 3 2 0
0.0602704 21.1658 21.1658 3 2 0
0.0588851 21.2664 21.2664 3 2 0
0.0575636 21.3692 21.3692 3 2 0
0.0563032 21.4735 21.4735 3 2 0
0.055102 21.5784 21.5784 3 2 0
0.0539591 21.6822 21.6822 3 2 0
0.052875 21.7828 21.7828 3 2 0
0.0518523 21.877 21.877 3 2 0
0.0508964 21.9605 21.9605 3 2 0
0.050015 22.0287 22.0287 3 2 0
0.0492166 22.0778 22.0778 3 2 0
0.0485059 22.1063 22.1063 3 2 0
0.0478818 22.1155 22.1155 3 2 0
0.0473383 22.1083 22.1083 3 2 0
0.046867 22.0882 22.0882 3 2 0
0.0464596 22.059 22.059 3 2 0
0.046109 22.024 22.024 3 2 0
0.045809 21.9861 21.9861 3 2 0
0.0455552 21.9479 21.9479 3 2 0
0.0453438 21.9116 21.9116 3 2 0
0.0451722 21.8789 21.8789 3 2 0
0.0450384 21.8514 21.8514 3 2 0
0.044941 21.8303 21.8303 3 2 0
0.044879 21.8163 21.8163 3 2 0
0.044852 21.8101 21.8101 3 2 0
0.0448507 21.8098 21.8098 3 2 0
0.0448674 21.8136 21.8136 3 2 0
0.0448674 21.8137 21.8137 3 2 0
0.0449189 21.8254 21.8254 3 2 0
0.0450057 21.8444 21.8444 3 2 0
0.0451286 21.8702 21.8702 3 2 0
0.0452888 21.9014 21.9014 3 2 0
0.0454882 21.9368 21.9368 3 2 0
0.0457291 21.9747 21.9747 3 2 0
0.0460148 22.0129 22.0129 3 2 0
0.0463497 22.049 22.049 3 2 0
0.0467393 22.0803 22.0803 3 2 0
0.0471904 22.1034 22.1034 3 2 0
0.047711 22.1149 22.1149 3 2 0
0.0483095 22.111 22.111 3 2 0
0.0489932 22.0885 22.0885 3 2 0
0.0497654 22.0456 22.0456 3 2 0
0.0506234 21.9828 21.9828 3 2 0
0.0515593 21.9033 21.9033 3 2 0
0.0525641 21.8117 21.8117 3 2 0
0.0536313 21.7125 21.7125 3 2 0
0.0547576 21.6093 21.6093 3 2 0
0.0559419 21.5045 21.5045 3 2 0
0.0571849 21.3999 21.3999 3 2 0
0.0584882 21.2966 21.2966 3 2 0
0.0598545 21.1952 21.1952 3 2 0
0.0612866 21.0963 21.0963 3 2 0
0.0627881 21.0001 21.0001 3 2 0
0.0643632 20.9068 20.9068 3 2 0
0.0660162 20.8164 20.8164 3 2 0
0.0677523 20.729 20.729 3 2 0
0.0695769 20.6445 20.6445 3 2 0
0.0714962 20.5629 20.5629 3 2 0
0.0735169 20.4841 20.4841 3 2 0
0.0756462 20.4079 20.4079 3 2 0
0.0778925 20.3343 20.3343 3 2 0
0.0802646 20.2632 20.2632 3 2 0
0.0827726 20.1943 20.1943 3 2 0
0.0854273 20.1275 20.1275 3 2 0
0.0882411 20.0626 20.0626 3 2 0
0.0912276 19.9995 19.9995 3 2 0
0.0944019 19.938 19.938 3 2 0
0.0977811 19.8777 19.8777 3 2 0
0.101384 19.8185 19.8185 3 2 0
0.105233 19.7602 19.7602 3 2 0
0.109352 19.7023 19.7023 3 2 0
0.113769 19.6448 19.6448 3 2 0
0.118515 19.5871 19.5871 3 2 0
0.123627 19.5289 19.5289 3 2 0
0.129147 19.4698 19.4698 3 2 0
0.135123 19.4092 19.4092 3 2 0
0.141613 19.3467 19.3467 3 2 0
