2 0 0 2 1 0
1.96239 20.0745 20.0745 1 1 0
1.944 20.0712 20.0712 1 1 0
1.90721 20.0647 20.0647 1 1 0
1.83366 20.0515 20.0515 1 1 0
1.70622 20.029 20.029 2 1 0
1.55934 20.0033 20.0033 2 1 0
1.26599 19.9528 19.9528 2 1 0
0.827036 19.8795 19.8795 2 1 0
0.371225 19.8067 19.8067 2 1 0
-0.0830636 19.7377 19.7377 2 1 0
1.70622 20.029 20.029 4 2 0
1.70621 20.029 20.029 4 2 0
1.70621 20.029 20.029 3 2 0
1.70578 20.0294 20.0294 3 2 0
1.70405 20.0309 20.0309 3 2 0
1.69906 20.0352 20.0352 3 2 0
1.68615 20.0464 20.0464 3 2 0
1.65474 20.0739 20.0739 3 2 0
1.59648 20.1252 20.1252 3 2 0
1.51761 20.1957 20.1957 3 2 0
1.41939 20.2852 20.2852 3 2 0
1.30332 20.3937 20.3937 3 2 0
1.17111 20.5214 20.5214 3 2 0
1.0247 20.669 20.669 3 2 0
0.866287 20.8377 20.8377 3 2 0
0.69849 21.0296 21.0296 3 2 0
0.524617 21.2484 21.2484 3 2 0
0.349232 21.5002 21.5002 3 2 0
0.17912 21.7945 21.7945 3 2 0
0.0244748 22.1457 22.1457 3 2 0
-0.101865 22.5695 22.5695 3 2 0
