1 5.61779 5.61779 2 1 0
0.998776 5.61083 5.61083 1 1 0
0.997551 5.60386 5.60386 1 1 0
0.995103 5.58993 5.58993 1 1 0
0.990208 5.56206 5.56206 1 1 0
0.980426 5.50631 5.50631 1 1 0
0.965158 5.41918 5.41918 1 1 0
0.94991 5.33201 5.33201 1 1 0
0.934681 5.24482 5.24482 1 1 0
0.919469 5.1576 5.1576 1 1 0
0.910063 5.10362 5.10362 2 1 0
0.894876 5.01638 5.01638 2 1 0
0.879703 4.92912 4.92912 2 1 0
0.864543 4.84184 4.84184 2 1 0
0.849396 4.75455 4.75455 2 1 0
0.83426 4.66725 4.66725 2 1 0
0.819136 4.57993 4.57993 2 1 0
0.804021 4.49261 4.49261 2 1 0
0.788916 4.40528 4.40528 2 1 0
0.77382 4.31794 4.31794 2 1 0
0.758733 4.23059 4.23059 2 1 0
0.743654 4.14324 4.14324 2 1 0
0.728582 4.05588 4.05588 2 1 0
0.713517 3.96851 3.96851 2 1 0
0.698459 3.88114 3.88114 2 1 0
0.683408 3.79377 3.79377 2 1 0
0.668362 3.70639 3.70639 2 1 0
0.653322 3.61901 3.61901 2 1 0
0.638288 3.53162 3.53162 2 1 0
0.623259 3.44423 3.44423 2 1 0
0.608234 3.35684 3.35684 2 1 0
0.593214 3.26945 3.26945 2 1 0
0.578199 3.18205 3.18205 2 1 0
0.563187 3.09465 3.09465 2 1 0
0.548179 3.00725 3.00725 2 1 0
0.533175 2.91984 2.91984 2 1 0
0.518175 2.83244 2.83244 2 1 0
0.503177 2.74503 2.74503 2 1 0
0.488183 2.65762 2.65762 2 1 0
0.473191 2.57022 2.57022 2 1 0
0.458203 2.48281 2.48281 2 1 0
0.443216 2.39539 2.39539 2 1 0
0.428232 2.30798 2.30798 2 1 0
0.413251 2.22057 2.22057 2 1 0
0.398271 2.13316 2.13316 2 1 0
0.383293 2.04574 2.04574 2 1 0
0.368317 1.95833 1.95833 2 1 0
0.353342 1.87092 1.87092 2 1 0
0.338369 1.7835 1.7835 2 1 0
0.323396 1.69609 1.69609 2 1 0
0.308425 1.60868 1.60868 2 1 0
0.293455 1.52127 1.52127 2 1 0
0.278485 1.43386 1.43386 2 1 0
0.263516 1.34645 1.34645 2 1 0
0.248548 1.25904 1.25904 2 1 0
0.23358 1.17163 1.17163 2 1 0
0.218612 1.08423 1.08423 2 1 0
0.203644 0.99683 0.99683 2 1 0
0.188676 0.909433 0.909433 2 1 0
0.173709 0.822042 0.822042 2 1 0
0.158742 0.734657 0.734657 2 1 0
0.143776 0.647279 0.647279 2 1 0
0.128812 0.559911 0.559911 2 1 0
0.113853 0.472558 0.472558 2 1 0
0.1125 0.464654 0.464654 2 1 0
0.0975529 0.377323 0.377323 1 1 0
0.0826296 0.290022 0.290022 1 1 0
0.0677655 0.202777 0.202777 1 1 0
0.0530919 0.115647 0.115647 1 1 0
0.0398521 0.0289633 0.0289633 1 1 0
0.0389465 0.0156152 0.0156152 1 1 0
0.0411578 0.00528893 0.00528893 2 1 0
0.0446291 0.00270756 0.00270756 2 1 0
0.0490072 0.00153568 0.00153568 2 1 0
0.057111 0.000742353 0.000742353 2 1 0
0.0669257 0.000401169 0.000401169 2 1 0
0.0771504 0.000247967 0.000247967 2 1 0
0.0885188 0.000162644 0.000162644 2 1 0
0.105638 9.88281e-05 9.88281e-05 2 1 0
0.131357 5.64152e-05 5.64152e-05 2 1 0
0.169952 3.00561e-05 3.00561e-05 2 1 0
0.212415 1.81976e-05 1.81976e-05 2 1 0
0.27611 1.0182e-05 1.0182e-05 2 1 0
0.371655 5.64303e-06 5.64303e-06 2 1 0
0.514973 2.95446e-06 2.95446e-06 2 1 0
0.681002 -1.68157e-23 -1.68157e-23 1 1 0
1.181 -3.78214e-19 -3.78214e-19 1 1 0
1.681 -1.12715e-30 -1.12715e-30 1 1 0
0.910063 5.10362 5.10362 4 2 0
0.910119 5.11045 5.09743 4 2 0
0.910118 5.11405 5.09381 3 2 0
0.9101 5.13986 5.0675 4 2 0
0.91 5.19065 5.01401 3 2 0
0.909695 5.26469 4.93166 3 2 0
0.908887 5.37087 4.8035 3 2 0
0.907064 5.50822 4.61682 3 2 0
0.904425 5.6336 4.42106 3 2 0
0.900971 5.74796 4.21756 3 2 0
0.896697 5.85089 4.00767 3 2 0
0.89159 5.94226 3.79289 3 2 0
0.885635 6.02242 3.57393 3 2 0
0.878804 6.09139 3.35344 3 2 0
0.871068 6.14916 3.13382 3 2 0
0.86239 6.1961 2.91724 3 2 0
0.852743 6.23329 2.70739 3 2 0
0.842114 6.25915 2.50711 3 2 0
0.830525 6.27364 2.31919 3 2 0
0.818046 6.27705 2.14398 3 2 0
0.804798 6.26991 1.98542 3 2 0
0.790933 6.25317 1.84431 3 2 0
0.776611 6.22809 1.72009 3 2 0
0.761964 6.19588 1.61121 3 2 0
0.747097 6.155 1.5127 3 2 0
0.732081 6.11193 1.4204 3 2 0
0.716965 6.0645 1.33794 3 2 0
0.701783 6.01355 1.26538 3 2 0
0.686562 5.9575 1.19586 3 2 0
0.671319 5.89779 1.1299 3 2 0
0.656069 5.83832 1.07157 3 2 0
0.640824 5.77275 1.01477 3 2 0
0.625593 5.7038 0.960868 3 2 0
0.610386 5.63272 0.911654 3 2 0
0.59521 5.55815 0.866629 3 2 0
0.580072 5.4802 0.820247 3 2 0
0.564979 5.39921 0.779728 3 2 0
0.549937 5.31468 0.738151 3 2 0
0.534952 5.22657 0.699956 3 2 0
0.52003 5.13223 0.665646 3 2 0
0.505177 5.03949 0.630865 3 2 0
0.490397 4.94309 0.597537 3 2 0
0.475697 4.84344 0.566649 3 2 0
0.461081 4.73921 0.537883 3 2 0
0.446553 4.63105 0.511027 3 2 0
0.43212 4.5191 0.483992 3 2 0
0.417783 4.40309 0.459014 3 2 0
0.403548 4.283 0.434407 3 2 0
0.389418 4.16067 0.411712 3 2 0
0.375396 4.03389 0.390635 3 2 0
0.361483 3.90296 0.37034 3 2 0
0.347683 3.76748 0.350987 3 2 0
0.333996 3.62901 0.332501 3 2 0
0.320421 3.48639 0.315159 3 2 0
0.306959 3.33967 0.299188 3 2 0
0.293608 3.18898 0.283935 3 2 0
0.280364 3.03434 0.269696 3 2 0
0.267223 2.87588 0.25594 3 2 0
0.254179 2.71393 0.243341 3 2 0
0.241226 2.54827 0.231792 3 2 0
0.228352 2.37779 0.221905 3 2 0
0.215548 2.20527 0.212023 3 2 0
0.202801 2.02941 0.203672 3 2 0
0.190095 1.85042 0.196977 3 2 0
0.177419 1.66818 0.192548 3 2 0
0.164768 1.48268 0.190372 3 2 0
0.152168 1.29328 0.193869 3 2 0
0.13976 1.09947 0.20745 3 2 0
0.127988 0.899446 0.240849 3 2 0
0.118016 0.694377 0.308718 3 2 0
0.112626 0.494349 0.436632 3 2 0
0.1125 0.465214 0.464091 3 2 0
0.116427 0.652939 0.32867 3 2 0
0.116895 0.665653 0.322253 3 2 0
0.126328 0.868926 0.248352 3 2 0
0.138088 1.0729 0.210705 3 2 0
0.15051 1.26895 0.194927 3 2 0
0.163117 1.45913 0.190765 3 2 0
0.175771 1.64516 0.191908 3 2 0
0.188446 1.82782 0.196584 3 2 0
0.201147 2.00735 0.202702 3 2 0
0.213889 2.18371 0.210763 3 2 0
0.226685 2.35681 0.220372 3 2 0
0.239549 2.52651 0.231304 3 2 0
0.252491 2.69266 0.241763 3 2 0
0.265523 2.85513 0.254212 3 2 0
0.278651 3.01379 0.267633 3 2 0
0.291881 3.16853 0.282205 3 2 0
0.305218 3.31926 0.29733 3 2 0
0.318666 3.4659 0.313522 3 2 0
0.332225 3.60839 0.329744 3 2 0
0.345898 3.74843 0.347846 3 2 0
0.359683 3.88461 0.367069 3 2 0
0.373581 4.01653 0.388113 3 2 0
0.387589 4.14454 0.409003 3 2 0
0.401706 4.26842 0.431141 3 2 0
0.415927 4.38829 0.455214 3 2 0
0.43025 4.50417 0.479753 3 2 0
0.444672 4.61602 0.505979 3 2 0
0.459187 4.72424 0.53426 3 2 0
0.473792 4.82832 0.562787 3 2 0
0.488482 4.92908 0.593476 3 2 0
0.503251 5.02726 0.625589 3 2 0
0.518095 5.12311 0.659789 3 2 0
0.533008 5.2152 0.696897 3 2 0
0.547985 5.30335 0.734804 3 2 0
0.56302 5.38838 0.772819 3 2 0
0.578106 5.4699 0.814137 3 2 0
0.593239 5.54817 0.859182 3 2 0
0.60841 5.62309 0.905964 3 2 0
0.623614 5.69469 0.954233 3 2 0
0.638841 5.76391 1.00691 3 2 0
0.654085 5.82926 1.06441 3 2 0
0.669334 5.89133 1.122 3 2 0
0.684577 5.95067 1.18718 3 2 0
0.699801 6.00608 1.25469 3 2 0
0.714986 6.0579 1.32781 3 2 0
0.73011 6.10682 1.40842 3 2 0
0.745137 6.15051 1.49791 3 2 0
0.76002 6.18929 1.59704 3 2 0
0.774691 6.22258 1.70417 3 2 0
0.789052 6.24878 1.82826 3 2 0
0.802975 6.26692 1.96876 3 2 0
0.816308 6.27616 2.12029 3 2 0
0.828896 6.27456 2.29252 3 2 0
0.840613 6.26196 2.4801 3 2 0
0.851378 6.23803 2.67884 3 2 0
0.861162 6.20272 2.88796 3 2 0
0.869971 6.15617 3.10371 3 2 0
0.877833 6.09876 3.32473 3 2 0
0.884783 6.03049 3.54489 3 2 0
0.890853 5.95272 3.76353 3 2 0
0.896071 5.8635 3.97947 3 2 0
0.900454 5.76257 4.19014 3 2 0
0.904016 5.64987 4.3946 3 2 0
0.906762 5.52565 4.59158 3 2 0
0.908694 5.3895 4.77967 3 2 0
0.909811 5.24172 4.9577 3 2 0
0.910114 5.12388 5.08387 3 2 0
0.909607 5.27999 4.91401 3 2 0
0.908286 5.42471 4.73329 3 2 0
0.906151 5.55786 4.54293 3 2 0
0.903201 5.67892 4.34406 3 2 0
0.899434 5.78814 4.13795 3 2 0
0.894842 5.88702 3.92601 3 2 0
0.889414 5.97423 3.70956 3 2 0
0.883127 6.05008 3.48967 3 2 0
0.875954 6.11484 3.26888 3 2 0
0.867862 6.16938 3.05023 3 2 0
0.858816 6.21275 2.8361 3 2 0
0.848793 6.24395 2.62923 3 2 0
0.837791 6.26563 2.43341 3 2 0
0.825851 6.276 2.25033 3 2 0
0.813061 6.2755 2.0813 3 2 0
0.799558 6.26449 1.92939 3 2 0
0.785501 6.24437 1.79487 3 2 0
0.77104 6.21435 1.67672 3 2 0
0.756299 6.17976 1.57317 3 2 0
0.741368 6.13967 1.47639 3 2 0
0.726308 6.09417 1.38752 3 2 0
0.711164 6.04521 1.30901 3 2 0
0.695965 5.99246 1.23858 3 2 0
0.680733 5.93559 1.16956 3 2 0
0.665486 5.87462 1.10635 3 2 0
0.650237 5.81049 1.04899 3 2 0
0.634996 5.747 0.993628 3 2 0
0.619773 5.67691 0.941509 3 2 0
0.604577 5.60343 0.893913 3 2 0
0.589415 5.5286 0.846861 3 2 0
0.574293 5.44909 0.804076 3 2 0
0.559219 5.36607 0.764751 3 2 0
0.544198 5.28158 0.723316 3 2 0
0.529236 5.19311 0.686032 3 2 0
0.51434 5.10102 0.651629 3 2 0
0.499514 5.0044 0.618232 3 2 0
0.484765 4.90437 0.585559 3 2 0
0.470096 4.80045 0.555307 3 2 0
0.455513 4.6937 0.526962 3 2 0
0.441021 4.58497 0.500544 3 2 0
0.426624 4.47299 0.474034 3 2 0
0.412326 4.35754 0.448598 3 2 0
0.398131 4.23725 0.42541 3 2 0
0.384041 4.11284 0.403594 3 2 0
0.370061 3.98391 0.382584 3 2 0
0.356191 3.85089 0.362843 3 2 0
0.342434 3.71376 0.343646 3 2 0
0.32879 3.57292 0.325778 3 2 0
0.315259 3.42831 0.308845 3 2 0
0.301839 3.28081 0.292969 3 2 0
0.288529 3.12968 0.278244 3 2 0
0.275325 2.97397 0.264142 3 2 0
0.262222 2.81437 0.250965 3 2 0
0.249214 2.65076 0.238774 3 2 0
0.236292 2.48358 0.227795 3 2 0
0.223447 2.31296 0.217998 3 2 0
0.210666 2.13648 0.209111 3 2 0
0.197936 1.95961 0.201066 3 2 0
0.185244 1.77982 0.194848 3 2 0
0.172576 1.59849 0.191055 3 2 0
0.159938 1.41164 0.191014 3 2 0
