0.2 6.73031 6.73031 2 1 0
0.200211 6.72353 6.72353 1 1 0
0.200423 6.71675 6.71675 1 1 0
0.200847 6.70318 6.70318 1 1 0
0.2017 6.67601 6.67601 1 1 0
0.203425 6.62151 6.62151 1 1 0
0.206171 6.53605 6.53605 1 1 0
0.208982 6.45028 6.45028 1 1 0
0.211861 6.36427 6.36427 1 1 0
0.214811 6.27806 6.27806 1 1 0
0.217835 6.19169 6.19169 1 1 0
0.220938 6.1052 6.1052 1 1 0
0.224122 6.01859 6.01859 1 1 0
0.227391 5.9319 5.9319 1 1 0
0.230751 5.84514 5.84514 1 1 0
0.234205 5.75831 5.75831 1 1 0
0.237757 5.67143 5.67143 1 1 0
0.241412 5.5845 5.5845 1 1 0
0.245176 5.49753 5.49753 1 1 0
0.249054 5.41053 5.41053 1 1 0
0.253052 5.3235 5.3235 1 1 0
0.257174 5.23645 5.23645 1 1 0
0.261429 5.14937 5.14937 1 1 0
0.263719 5.1036 5.1036 2 1 0
0.268187 5.0165 5.0165 2 1 0
0.272806 4.92937 4.92937 2 1 0
0.277581 4.84223 4.84223 2 1 0
0.282523 4.75508 4.75508 2 1 0
0.28764 4.66792 4.66792 2 1 0
0.292942 4.58074 4.58074 2 1 0
0.298439 4.49356 4.49356 2 1 0
0.304142 4.40636 4.40636 2 1 0
0.310065 4.31916 4.31916 2 1 0
0.316219 4.23195 4.23195 2 1 0
0.322618 4.14474 4.14474 2 1 0
0.329279 4.05752 4.05752 2 1 0
0.336217 3.9703 3.9703 2 1 0
0.34345 3.88307 3.88307 2 1 0
0.350998 3.79584 3.79584 2 1 0
0.358882 3.7086 3.7086 2 1 0
0.367125 3.62136 3.62136 2 1 0
0.375753 3.53412 3.53412 2 1 0
0.384792 3.44688 3.44688 2 1 0
0.394274 3.35963 3.35963 2 1 0
0.404231 3.27239 3.27239 2 1 0
0.414701 3.18514 3.18514 2 1 0
0.425725 3.09789 3.09789 2 1 0
0.437347 3.01065 3.01065 2 1 0
0.449619 2.9234 2.9234 2 1 0
0.462595 2.83616 2.83616 2 1 0
0.476339 2.74891 2.74891 2 1 0
0.49092 2.66167 2.66167 2 1 0
0.506419 2.57444 2.57444 2 1 0
0.522924 2.48721 2.48721 2 1 0
0.540537 2.39998 2.39998 2 1 0
0.559373 2.31276 2.31276 2 1 0
0.579564 2.22555 2.22555 2 1 0
0.601261 2.13835 2.13835 2 1 0
0.624639 2.05116 2.05116 2 1 0
0.649901 1.96399 1.96399 2 1 0
0.677284 1.87684 1.87684 2 1 0
0.707063 1.78971 1.78971 2 1 0
0.739568 1.70262 1.70262 2 1 0
0.775186 1.61555 1.61555 2 1 0
0.814385 1.52854 1.52854 2 1 0
0.857724 1.44159 1.44159 2 1 0
0.905889 1.35472 1.35472 2 1 0
0.959717 1.26795 1.26795 2 1 0
1.02024 1.18131 1.18131 2 1 0
1.08877 1.09486 1.09486 2 1 0
1.16691 1.00867 1.00867 2 1 0
1.25675 0.922821 0.922821 2 1 0
1.36092 0.837474 0.837474 2 1 0
1.48278 0.752849 0.752849 2 1 0
1.62662 0.669288 0.669288 2 1 0
1.79769 0.587313 0.587313 2 1 0
2.00213 0.507709 0.507709 2 1 0
2.13354 0.46464 0.46464 1 1 0
2.40213 0.391106 0.391106 1 1 0
2.71707 0.323392 0.323392 1 1 0
3.07695 0.262891 0.262891 1 1 0
0.263719 5.1036 5.1036 4 2 0
0.263702 5.11045 5.09743 4 2 0
0.263702 5.11375 5.0941 3 2 0
0.263707 5.13955 5.06781 4 2 0
0.263736 5.19031 5.01434 3 2 0
0.263824 5.26434 4.932 3 2 0
0.264058 5.37049 4.80387 3 2 0
0.264589 5.50812 4.61758 3 2 0
0.26536 5.63398 4.4221 3 2 0
0.266377 5.74795 4.21802 3 2 0
0.267646 5.85002 4.00821 3 2 0
0.269178 5.94135 3.79353 3 2 0
0.270987 6.02062 3.57318 3 2 0
0.273092 6.09022 3.35303 3 2 0
0.275516 6.14926 3.13362 3 2 0
0.278285 6.19717 2.91904 3 2 0
0.28143 6.23388 2.70949 3 2 0
0.284978 6.2593 2.50881 3 2 0
0.288948 6.27363 2.31749 3 2 0
0.293349 6.27685 2.14351 3 2 0
0.298169 6.26959 1.98662 3 2 0
0.303386 6.25302 1.84706 3 2 0
0.308971 6.228 1.72288 3 2 0
0.314898 6.19593 1.61011 3 2 0
0.321152 6.15774 1.51141 3 2 0
0.327726 6.11469 1.42446 3 2 0
0.334621 6.06721 1.34038 3 2 0
0.341845 6.01443 1.26759 3 2 0
0.349407 5.95958 1.19608 3 2 0
0.357323 5.90128 1.13116 3 2 0
0.36561 5.83966 1.07225 3 2 0
0.374288 5.7747 1.01506 3 2 0
0.383379 5.70644 0.962952 3 2 0
0.392908 5.63503 0.912605 3 2 0
0.402901 5.56044 0.866882 3 2 0
0.413389 5.48245 0.82494 3 2 0
0.424405 5.40176 0.779276 3 2 0
0.435982 5.31717 0.739323 3 2 0
0.448162 5.22899 0.702535 3 2 0
0.460986 5.13809 0.665752 3 2 0
0.474501 5.04277 0.632818 3 2 0
0.488759 4.94683 0.600719 3 2 0
0.503817 4.84607 0.568197 3 2 0
0.519738 4.7429 0.538678 3 2 0
0.53659 4.63586 0.511208 3 2 0
0.554453 4.52492 0.48474 3 2 0
0.573412 4.40988 0.459206 3 2 0
0.593563 4.29079 0.435338 3 2 0
0.615017 4.16804 0.41358 3 2 0
0.637895 4.04102 0.391807 3 2 0
0.662338 3.90992 0.371055 3 2 0
0.688504 3.77477 0.352205 3 2 0
0.716578 3.63611 0.334176 3 2 0
0.746769 3.49489 0.31675 3 2 0
0.779324 3.34957 0.300433 3 2 0
0.814531 3.20023 0.285153 3 2 0
0.852728 3.04695 0.270849 3 2 0
0.894319 2.88985 0.257191 3 2 0
0.939787 2.72906 0.244524 3 2 0
0.989716 2.56473 0.232887 3 2 0
1.04482 2.39705 0.222563 3 2 0
1.10598 2.22622 0.212893 3 2 0
1.17428 2.05248 0.204784 3 2 0
1.25108 1.87606 0.198135 3 2 0
1.3381 1.69721 0.192715 3 2 0
1.43744 1.5161 0.190824 3 2 0
1.5515 1.33268 0.192541 3 2 0
1.68237 1.14646 0.202942 3 2 0
1.8295 0.956564 0.228731 3 2 0
1.98353 0.762556 0.280999 3 2 0
2.10934 0.565116 0.381125 3 2 0
2.13333 0.465951 0.463356 3 2 0
2.06184 0.65234 0.329087 3 2 0
2.05279 0.6663 0.322037 3 2 0
1.90663 0.860629 0.250423 3 2 0
1.75235 1.05424 0.2131 3 2 0
1.6126 1.24256 0.196227 3 2 0
1.49039 1.42705 0.190918 3 2 0
1.38421 1.61032 0.191727 3 2 0
1.29153 1.7902 0.195069 3 2 0
1.21003 1.96774 0.201328 3 2 0
1.13783 2.14204 0.208751 3 2 0
1.07339 2.31424 0.21787 3 2 0
1.0155 2.48351 0.228394 3 2 0
0.963179 2.65003 0.238807 3 2 0
0.915648 2.8124 0.251002 3 2 0
0.87226 2.9711 0.264176 3 2 0
0.832487 3.12509 0.277839 3 2 0
0.795889 3.27732 0.292618 3 2 0
0.762099 3.42573 0.308414 3 2 0
0.730805 3.56954 0.325195 3 2 0
0.701742 3.70879 0.342828 3 2 0
0.674684 3.84516 0.361472 3 2 0
0.649434 3.97837 0.381543 3 2 0
0.625823 4.1059 0.402258 3 2 0
0.603701 4.23012 0.424254 3 2 0
0.582939 4.35317 0.447548 3 2 0
0.56342 4.47014 0.472305 3 2 0
0.545042 4.58308 0.498859 3 2 0
0.527714 4.69278 0.525105 3 2 0
0.511355 4.79822 0.554132 3 2 0
0.495891 4.89982 0.585462 3 2 0
0.481256 4.99725 0.616457 3 2 0
0.46739 5.09403 0.649942 3 2 0
0.45424 5.18704 0.683996 3 2 0
0.441757 5.27609 0.72082 3 2 0
0.429895 5.36097 0.759916 3 2 0
0.418614 5.44243 0.802493 3 2 0
0.407877 5.52313 0.844633 3 2 0
0.39765 5.59859 0.889616 3 2 0
0.387902 5.67077 0.938784 3 2 0
0.378604 5.73943 0.989785 3 2 0
0.369731 5.80535 1.0438 3 2 0
0.361259 5.86998 1.10316 3 2 0
0.353167 5.9301 1.16452 3 2 0
0.345437 5.98782 1.23369 3 2 0
0.338054 6.0418 1.30369 3 2 0
0.331003 6.09053 1.38073 3 2 0
0.324277 6.13562 1.46684 3 2 0
0.317871 6.17626 1.56353 3 2 0
0.311788 6.21313 1.66706 3 2 0
0.30604 6.24169 1.78356 3 2 0
0.300646 6.26243 1.91623 3 2 0
0.295634 6.27398 2.06621 3 2 0
0.291029 6.27609 2.23342 3 2 0
0.286849 6.26742 2.41425 3 2 0
0.283097 6.24733 2.60944 3 2 0
0.279758 6.21635 2.81517 3 2 0
0.276809 6.17412 3.02875 3 2 0
0.274221 6.12097 3.24724 3 2 0
0.271965 6.05669 3.46762 3 2 0
0.270016 5.98125 3.68764 3 2 0
0.268352 5.8962 3.90503 3 2 0
0.266957 5.79881 4.11744 3 2 0
0.26582 5.68982 4.32416 3 2 0
0.264931 5.56986 4.52378 3 2 0
0.264284 5.43829 4.71501 3 2 0
0.263877 5.29472 4.89672 3 2 0
0.263707 5.13948 5.06791 3 2 0
0.263773 5.22777 4.97339 3 2 0
0.263774 5.22814 4.97298 3 2 0
0.264076 5.37662 4.79622 3 2 0
0.264617 5.51383 4.60899 3 2 0
0.265399 5.63919 4.41273 3 2 0
0.266427 5.75262 4.20896 3 2 0
0.267707 5.85418 3.99884 3 2 0
0.269251 5.94509 3.78392 3 2 0
0.271072 6.02384 3.5637 3 2 0
0.27319 6.09295 3.34357 3 2 0
0.275628 6.15153 3.12429 3 2 0
0.278414 6.19898 2.90988 3 2 0
0.281576 6.23522 2.7007 3 2 0
0.285141 6.26016 2.50015 3 2 0
0.289131 6.27401 2.30964 3 2 0
0.29355 6.27675 2.13633 3 2 0
0.298388 6.26906 1.98015 3 2 0
0.303621 6.2521 1.84169 3 2 0
0.309221 6.22675 1.71739 3 2 0
0.315163 6.1944 1.60541 3 2 0
0.321431 6.15605 1.50784 3 2 0
0.328019 6.11278 1.42012 3 2 0
0.334928 6.06511 1.33649 3 2 0
0.342166 6.01207 1.26422 3 2 0
0.349743 5.95707 1.19298 3 2 0
0.357675 5.89864 1.12852 3 2 0
0.365979 5.83692 1.06963 3 2 0
0.374674 5.77181 1.01269 3 2 0
0.383784 5.70339 0.960817 3 2 0
0.393332 5.63186 0.910434 3 2 0
0.403346 5.55707 0.864119 3 2 0
0.413857 5.47889 0.821663 3 2 0
0.424895 5.3983 0.777446 3 2 0
0.436498 5.31366 0.738812 3 2 0
0.448705 5.22544 0.700661 3 2 0
0.461558 5.13425 0.664019 3 2 0
0.475104 5.03881 0.630877 3 2 0
0.489396 4.94248 0.599905 3 2 0
0.50449 4.84167 0.566972 3 2 0
0.520449 4.73834 0.538608 3 2 0
0.537344 4.63112 0.511806 3 2 0
0.555253 4.51999 0.48328 3 2 0
0.574261 4.4048 0.458141 3 2 0
0.594467 4.28555 0.434594 3 2 0
0.615979 4.1626 0.412481 3 2 0
0.638923 4.0354 0.391079 3 2 0
0.663437 3.9041 0.370315 3 2 0
0.689682 3.76879 0.351392 3 2 0
0.717843 3.63007 0.333403 3 2 0
0.748131 3.48867 0.316038 3 2 0
0.780795 3.34317 0.299885 3 2 0
0.816124 3.19366 0.284589 3 2 0
0.85446 3.04021 0.270138 3 2 0
0.896208 2.88295 0.256598 3 2 0
0.941857 2.722 0.243983 3 2 0
0.991995 2.55752 0.232404 3 2 0
1.04734 2.3897 0.221987 3 2 0
1.10878 2.21874 0.212529 3 2 0
1.17742 2.04487 0.204653 3 2 0
1.25464 1.86834 0.197586 3 2 0
1.34214 1.68939 0.192633 3 2 0
