0.08 4.21227 4.21227 2 1 0
0.0782964 4.21916 4.21916 1 1 0
0.0765726 4.22614 4.22614 1 1 0
0.0731418 4.24011 4.24011 1 1 0
0.0681848 4.2605 4.2605 1 1 0
0.0614474 4.28844 4.28844 2 1 0
0.0482569 4.34432 4.34432 2 1 0
0.0291271 4.42813 4.42813 2 1 0
0.0100213 4.51544 4.51544 2 1 0
-0.00826407 4.60274 4.60274 2 1 0
0.0681759 4.2605 4.2605 4 2 0
0.0681852 4.26741 4.2535 4 2 0
0.0681851 4.26837 4.25254 3 2 0
0.0681749 4.29611 4.22466 3 2 0
0.0681157 4.35132 4.16867 3 2 0
0.0679294 4.43346 4.08408 3 2 0
0.0674307 4.55493 3.95597 3 2 0
0.0662998 4.7207 3.77561 3 2 0
0.0646555 4.8825 3.59272 3 2 0
0.0624923 5.03988 3.4081 3 2 0
0.0598019 5.19362 3.22295 3 2 0
0.0565737 5.34436 3.03816 3 2 0
0.0527942 5.49022 2.85495 3 2 0
0.0484481 5.63316 2.67504 3 2 0
0.0435201 5.77355 2.50039 3 2 0
0.037999 5.90932 2.3332 3 2 0
0.0318874 6.04301 2.17697 3 2 0
0.0252163 6.17217 2.03267 3 2 0
0.0180649 6.29594 1.90145 3 2 0
0.0105733 6.41791 1.78818 3 2 0
0.00292739 6.53302 1.69384 3 2 0
-0.00468138 6.64086 1.61428 3 2 0
