0.08 0 0 2 1 0
0.0782964 18.8067 18.8067 1 1 0
0.0765726 18.8298 18.8298 1 1 0
0.0731418 18.8767 18.8767 1 1 0
0.0681848 18.9464 18.9464 1 1 0
0.0614474 19.0447 19.0447 2 1 0
0.0482569 19.2508 19.2508 2 1 0
0.0291271 19.5847 19.5847 2 1 0
0.0100213 19.9663 19.9663 2 1 0
-0.00826407 20.3851 20.3851 2 1 0
0.0681759 18.9464 18.9464 4 2 0
0.0681852 18.9463 18.9463 4 2 0
0.0681851 18.9463 18.9463 3 2 0
0.0681749 18.9469 18.9469 3 2 0
0.0681157 18.9502 18.9502 3 2 0
0.0679294 18.9607 18.9607 3 2 0
0.0674307 18.9888 18.9888 3 2 0
0.0662998 19.0527 19.0527 3 2 0
0.0646555 19.1463 19.1463 3 2 0
0.0624923 19.2706 19.2706 3 2 0
0.0598019 19.427 19.427 3 2 0
0.0565737 19.6174 19.6174 3 2 0
0.0527942 19.8442 19.8442 3 2 0
0.0484481 20.1107 20.1107 3 2 0
0.0435201 20.4204 20.4204 3 2 0
0.037999 20.7776 20.7776 3 2 0
0.0318874 21.1868 21.1868 3 2 0
0.0252163 21.6516 21.6516 3 2 0
0.0180649 22.1736 22.1736 3 2 0
0.0105733 22.751 22.751 3 2 0
0.00292739 23.3788 23.3788 3 2 0
-0.00468138 24.0508 24.0508 3 2 0
