0.001 4.68605 4.68605 2 1 0
0.00109174 4.68021 4.68021 1 1 0
0.00119629 4.67436 4.67436 1 1 0
0.00145401 4.66266 4.66266 1 1 0
0.00228124 4.63923 4.63923 1 1 0
0.00343095 4.62151 4.62151 1 1 0
0.00971964 4.58675 4.58675 2 1 0
0.0502153 4.54395 4.54395 2 1 0
0.121189 4.51373 4.51373 2 1 0
0.190589 4.48704 4.48704 2 1 0
0.249439 4.45926 4.45926 1 1 0
0.292157 4.43149 4.43149 1 1 0
0.328698 4.39673 4.39673 1 1 0
0.35317 4.36215 4.36215 1 1 0
0.370509 4.32768 4.32768 1 1 0
0.383518 4.29327 4.29327 1 1 0
0.393806 4.2589 4.2589 1 1 0
0.402323 4.22454 4.22454 1 1 0
0.409654 4.19019 4.19019 1 1 0
0.416172 4.15584 4.15584 1 1 0
0.422121 4.12149 4.12149 1 1 0
0.427668 4.08712 4.08712 1 1 0
0.432931 4.05275 4.05275 1 1 0
0.437991 4.01836 4.01836 1 1 0
0.44291 3.98395 3.98395 1 1 0
0.447733 3.94952 3.94952 1 1 0
0.452497 3.91508 3.91508 1 1 0
0.457227 3.88061 3.88061 1 1 0
0.461945 3.84612 3.84612 1 1 0
0.46667 3.8116 3.8116 1 1 0
0.471414 3.77706 3.77706 1 1 0
0.476191 3.74249 3.74249 1 1 0
0.481011 3.70789 3.70789 1 1 0
0.485882 3.67327 3.67327 1 1 0
0.490814 3.63861 3.63861 1 1 0
0.495812 3.60393 3.60393 1 1 0
0.500883 3.56921 3.56921 1 1 0
0.00343121 4.62151 4.62151 4 2 0
0.00343195 4.62675 4.61633 4 2 0
0.00343492 4.63745 4.60615 3 2 0
0.00344488 4.65395 4.5914 3 2 0
0.00347171 4.67979 4.57038 3 2 0
0.00353603 4.7205 4.54125 3 2 0
0.00367506 4.78483 4.50245 3 2 0
0.00386611 4.85773 4.46519 3 2 0
0.00410184 4.93884 4.42896 3 2 0
0.00437867 5.02885 4.39304 3 2 0
0.00481475 5.16343 4.34384 3 2 0
0.00531434 5.3124 4.29347 3 2 0
0.00588446 5.47744 4.24017 3 2 0
0.00648986 5.64728 4.1873 3 2 0
0.00712026 5.81877 4.13454 3 2 0
0.00777856 5.99257 4.08179 3 2 0
0.00846825 6.16851 4.02717 3 2 0
0.00919341 6.34806 3.97264 3 2 0
0.00995878 6.52889 3.91574 3 2 0
0.0107699 6.71396 3.85771 3 2 0
0.0116333 6.9019 3.7979 3 2 0
0.0125567 7.0912 3.73531 3 2 0
0.013551 7.2861 3.67005 3 2 0
0.0146246 7.48474 3.60146 3 2 0
0.0157931 7.68784 3.52939 3 2 0
0.0170737 7.89409 3.45332 3 2 0
0.0184883 8.10337 3.3711 3 2 0
0.0200646 8.3134 3.28367 3 2 0
0.0218437 8.53168 3.18959 3 2 0
0.0238571 8.75152 3.09126 3 2 0
0.0261519 8.96667 2.98204 3 2 0
0.0288497 9.18466 2.87037 3 2 0
0.0319414 9.38855 2.74028 3 2 0
0.0355204 9.58116 2.60869 3 2 0
0.0397071 9.73651 2.47558 3 2 0
0.04418 9.87393 2.33865 3 2 0
0.0488778 9.96069 2.21771 3 2 0
0.0546379 10.0051 2.0852 3 2 0
0.0600262 10.0245 1.97732 3 2 0
0.0657508 9.99808 1.87673 3 2 0
0.0718744 9.94401 1.78359 3 2 0
0.0779614 9.87119 1.70347 3 2 0
0.0844028 9.76143 1.63175 3 2 0
0.0912861 9.64141 1.56421 3 2 0
0.0982486 9.49297 1.50431 3 2 0
0.105447 9.34238 1.45451 3 2 0
0.112943 9.16732 1.40919 3 2 0
0.120707 8.98277 1.37134 3 2 0
0.128793 8.78612 1.34081 3 2 0
0.137155 8.57703 1.31825 3 2 0
0.145732 8.36436 1.3045 3 2 0
0.154535 8.14331 1.29602 3 2 0
0.163509 7.92299 1.29933 3 2 0
0.172596 7.69905 1.30863 3 2 0
0.181719 7.47787 1.33194 3 2 0
0.190773 7.26063 1.36811 3 2 0
0.199617 7.0495 1.41875 3 2 0
0.208053 6.84551 1.48902 3 2 0
0.215806 6.6557 1.5835 3 2 0
0.222533 6.48335 1.70675 3 2 0
0.227989 6.32868 1.85887 3 2 0
0.232251 6.18786 2.03533 3 2 0
0.235613 6.0563 2.22476 3 2 0
0.238342 5.92968 2.42318 3 2 0
0.240606 5.80692 2.62636 3 2 0
0.242512 5.68336 2.83087 3 2 0
0.244123 5.55739 3.03463 3 2 0
0.245483 5.42823 3.23656 3 2 0
0.246619 5.29533 3.43537 3 2 0
0.24755 5.15966 3.63095 3 2 0
0.248287 5.01852 3.82054 3 2 0
0.248839 4.87159 4.00496 3 2 0
0.249211 4.71864 4.18387 3 2 0
0.249406 4.55961 4.35664 3 2 0
0.249431 4.50821 4.40977 3 2 0
0.249291 4.66912 4.23917 3 2 0
0.248975 4.82396 4.06248 3 2 0
0.248481 4.97275 3.87952 3 2 0
0.247803 5.1162 3.6907 3 2 0
0.246935 5.25438 3.49722 3 2 0
0.245865 5.3876 3.29946 3 2 0
0.244578 5.51664 3.09832 3 2 0
0.243049 5.64293 2.89476 3 2 0
0.241242 5.76808 2.69016 3 2 0
0.2391 5.89204 2.48676 3 2 0
0.236533 6.01639 2.28616 3 2 0
0.233399 6.14397 2.09281 3 2 0
0.229467 6.28166 1.91314 3 2 0
0.22444 6.43041 1.75488 3 2 0
0.218123 6.59705 1.62074 3 2 0
0.210662 6.78268 1.51899 3 2 0
0.202405 6.98043 1.44116 3 2 0
0.193661 7.18898 1.3809 3 2 0
0.184653 7.40431 1.34136 3 2 0
0.175538 7.62641 1.32015 3 2 0
0.166429 7.8508 1.30195 3 2 0
0.157411 8.07078 1.29481 3 2 0
0.148547 8.29438 1.29941 3 2 0
0.13989 8.50856 1.31188 3 2 0
0.131471 8.71708 1.33538 3 2 0
0.123316 8.92036 1.36699 3 2 0
0.115445 9.10579 1.39767 3 2 0
0.107863 9.28576 1.43817 3 2 0
0.100576 9.4464 1.4889 3 2 0
0.0935744 9.59552 1.54592 3 2 0
0.0868599 9.71842 1.60583 3 2 0
0.080408 9.83381 1.67862 3 2 0
0.0742223 9.92079 1.75023 3 2 0
0.0682791 9.9796 1.83621 3 2 0
0.0625689 10.0189 1.92999 3 2 0
0.0570938 10.0227 2.03359 3 2 0
0.0518514 9.99533 2.14547 3 2 0
0.0467737 9.92225 2.2752 3 2 0
0.0420989 9.81876 2.39882 3 2 0
0.0377969 9.67768 2.53383 3 2 0
0.0335893 9.48303 2.67961 3 2 0
0.0302606 9.27949 2.81022 3 2 0
0.0274237 9.07228 2.92667 3 2 0
0.0248614 8.84692 3.04433 3 2 0
0.0227163 8.63148 3.14554 3 2 0
0.0208507 8.41159 3.24199 3 2 0
0.0190351 8.17787 3.33955 3 2 0
0.0175648 7.96872 3.42297 3 2 0
0.0162407 7.76177 3.50133 3 2 0
0.0150295 7.55684 3.57554 3 2 0
0.0139237 7.35661 3.64545 3 2 0
0.0129079 7.16359 3.71129 3 2 0
0.0119339 6.96568 3.77696 3 2 0
0.0110514 6.7768 3.83843 3 2 0
0.0102237 6.59049 3.8967 3 2 0
0.00944343 6.40824 3.95435 3 2 0
0.00870542 6.22855 4.00925 3 2 0
0.00800446 6.05052 4.06355 3 2 0
0.00733578 5.87653 4.11669 3 2 0
0.00669645 5.70399 4.17001 3 2 0
0.00608304 5.53383 4.22281 3 2 0
0.00549321 5.36475 4.27651 3 2 0
0.00492598 5.1973 4.33213 3 2 0
0.00438403 5.03065 4.39241 3 2 0
0.0038833 4.86407 4.46234 3 2 0
0.00350023 4.69969 4.55567 3 2 0
0.00343157 4.62173 4.62129 3 2 0
0.00365376 4.77592 4.50737 3 2 0
0.00413813 4.95033 4.4246 3 2 0
0.00467009 5.11958 4.35959 3 2 0
0.00522741 5.28689 4.30194 3 2 0
0.00580705 5.45472 4.24748 3 2 0
0.00640935 5.62503 4.19409 3 2 0
0.00703633 5.79596 4.14167 3 2 0
0.0076908 5.97023 4.08806 3 2 0
0.00837618 6.14618 4.03427 3 2 0
0.00909647 6.32433 3.98001 3 2 0
0.00985628 6.50481 3.92386 3 2 0
0.010661 6.68972 3.86566 3 2 0
0.0115172 6.87671 3.80632 3 2 0
0.0124323 7.06714 3.74461 3 2 0
0.0134154 7.26219 3.67942 3 2 0
0.014478 7.46012 3.61126 3 2 0
0.0156331 7.66162 3.53972 3 2 0
0.0168978 7.86679 3.46194 3 2 0
0.0182933 8.07561 3.38194 3 2 0
0.0198464 8.28646 3.29735 3 2 0
0.0215888 8.50054 3.20474 3 2 0
0.0235762 8.72247 3.10497 3 2 0
0.0258424 8.93933 2.99621 3 2 0
0.0284672 9.15453 2.88261 3 2 0
0.0315189 9.36544 2.75709 3 2 0
0.0350157 9.55479 2.62886 3 2 0
0.0389625 9.71663 2.49481 3 2 0
0.0434079 9.85644 2.36054 3 2 0
0.0481995 9.94336 2.23359 3 2 0
0.053264 9.99801 2.11506 3 2 0
0.0585864 10.0258 2.00433 3 2 0
0.0641498 9.9984 1.90295 3 2 0
0.0699249 9.96908 1.81083 3 2 0
0.0760487 9.88835 1.72713 3 2 0
0.0823351 9.80307 1.65368 3 2 0
0.0888502 9.68215 1.58388 3 2 0
0.0956744 9.55358 1.52314 3 2 0
0.102757 9.40037 1.47027 3 2 0
0.110134 9.23407 1.42458 3 2 0
0.117858 9.05184 1.38621 3 2 0
0.125819 8.85718 1.35225 3 2 0
0.134064 8.65555 1.32579 3 2 0
0.142557 8.44245 1.30717 3 2 0
0.151286 8.22603 1.29693 3 2 0
0.1602 8.00346 1.29546 3 2 0
0.169254 7.78167 1.30511 3 2 0
0.178372 7.55863 1.32194 3 2 0
0.187466 7.33603 1.35158 3 2 0
0.196407 7.12369 1.39672 3 2 0
0.20502 6.91856 1.45997 3 2 0
0.213061 6.72451 1.54553 3 2 0
0.220204 6.54564 1.65876 3 2 0
0.226138 6.38386 1.80105 3 2 0
0.230808 6.23762 1.96761 3 2 0
0.234465 6.10264 2.15322 3 2 0
0.237401 5.97576 2.3498 3 2 0
0.239821 5.85257 2.55068 3 2 0
0.241849 5.72901 2.75501 3 2 0
