0.001 0 0 2 1 0
0.00109174 96.6672 96.6672 1 1 0
0.00119629 89.8931 89.8931 1 1 0
0.00145401 77.7147 77.7147 1 1 0
0.00228124 57.7243 57.7243 1 1 0
0.00343095 45.7199 45.7199 1 1 0
0.00971964 28.6069 28.6069 2 1 0
0.0502153 18.4249 18.4249 2 1 0
0.121189 17.0931 17.0931 2 1 0
0.190589 18.2385 18.2385 2 1 0
0.249439 20.8503 20.8503 1 1 0
0.292157 24.6082 24.6082 1 1 0
0.328698 31.0753 31.0753 1 1 0
0.35317 40.503 40.503 1 1 0
0.370509 56.4625 56.4625 1 1 0
0.383518 98.1708 98.1708 1 1 0
0.393806 98.1708 98.1708 1 1 0
0.402323 98.1708 98.1708 1 1 0
0.409654 98.1708 98.1708 1 1 0
0.416172 98.1708 98.1708 1 1 0
0.422121 98.1708 98.1708 1 1 0
0.427668 98.1708 98.1708 1 1 0
0.432931 98.1708 98.1708 1 1 0
0.437991 98.1708 98.1708 1 1 0
0.44291 98.1708 98.1708 1 1 0
0.447733 98.1708 98.1708 1 1 0
0.452497 98.1708 98.1708 1 1 0
0.457227 98.1708 98.1708 1 1 0
0.461945 98.1708 98.1708 1 1 0
0.46667 98.1708 98.1708 1 1 0
0.471414 98.1708 98.1708 1 1 0
0.476191 98.1708 98.1708 1 1 0
0.481011 98.1708 98.1708 1 1 0
0.485882 98.1708 98.1708 1 1 0
0.490814 98.1708 98.1708 1 1 0
0.495812 98.1708 98.1708 1 1 0
0.500883 98.1708 98.1708 1 1 0
0.00343121 45.7199 45.7199 4 2 0
0.00343195 45.72 45.72 4 2 0
0.00343492 45.7481 45.7481 3 2 0
0.00344488 45.8422 45.8422 3 2 0
0.00347171 46.0942 46.0942 3 2 0
0.00353603 46.6906 46.6906 3 2 0
0.00367506 47.9365 47.9365 3 2 0
0.00386611 49.5417 49.5417 3 2 0
0.00410184 51.3422 51.3422 3 2 0
0.00437867 53.2066 53.2066 3 2 0
0.00481475 55.6467 55.6467 3 2 0
0.00531434 57.815 57.815 3 2 0
0.00588446 59.6479 59.6479 3 2 0
0.00648986 61.0262 61.0262 3 2 0
0.00712026 61.9962 61.9962 3 2 0
0.00777856 62.6314 62.6314 3 2 0
0.00846825 62.9884 62.9884 3 2 0
0.00919341 63.1108 63.1108 3 2 0
0.00995878 63.0324 63.0324 3 2 0
0.0107699 62.7795 62.7795 3 2 0
0.0116333 62.3723 62.3723 3 2 0
0.0125567 61.8264 61.8264 3 2 0
0.013551 61.1526 61.1526 3 2 0
0.0146246 60.3612 60.3612 3 2 0
0.0157931 59.4573 59.4573 3 2 0
0.0170737 58.4441 58.4441 3 2 0
0.0184883 57.3224 57.3224 3 2 0
0.0200646 56.0912 56.0912 3 2 0
0.0218437 54.743 54.743 3 2 0
0.0238571 53.2838 53.2838 3 2 0
0.0261519 51.716 51.716 3 2 0
0.0288497 50.0018 50.0018 3 2 0
0.0319414 48.2011 48.2011 3 2 0
0.0355204 46.3135 46.3135 3 2 0
0.0397071 44.3433 44.3433 3 2 0
0.04418 42.4843 42.4843 3 2 0
0.0488778 40.7477 40.7477 3 2 0
0.0546379 38.8763 38.8763 3 2 0
0.0600262 37.3463 37.3463 3 2 0
0.0657508 35.9027 35.9027 3 2 0
0.0718744 34.5331 34.5331 3 2 0
0.0779614 33.3213 33.3213 3 2 0
0.0844028 32.1846 32.1846 3 2 0
0.0912861 31.082 31.082 3 2 0
0.0982486 30.105 30.105 3 2 0
0.105447 29.1895 29.1895 3 2 0
0.112943 28.3369 28.3369 3 2 0
0.120707 27.5412 27.5412 3 2 0
0.128793 26.8038 26.8038 3 2 0
0.137155 26.1207 26.1207 3 2 0
0.145732 25.4938 25.4938 3 2 0
0.154535 24.9234 24.9234 3 2 0
0.163509 24.4074 24.4074 3 2 0
0.172596 23.9467 23.9467 3 2 0
0.181719 23.541 23.541 3 2 0
0.190773 23.19 23.19 3 2 0
0.199617 22.8916 22.8916 3 2 0
0.208053 22.6421 22.6421 3 2 0
0.215806 22.4342 22.4342 3 2 0
0.222533 22.2567 22.2567 3 2 0
0.227989 22.0969 22.0969 3 2 0
0.232251 21.9466 21.9466 3 2 0
0.235613 21.8025 21.8025 3 2 0
0.238342 21.6644 21.6644 3 2 0
0.240606 21.5329 21.5329 3 2 0
0.242512 21.4093 21.4093 3 2 0
0.244123 21.2949 21.2949 3 2 0
0.245483 21.1912 21.1912 3 2 0
0.246619 21.0993 21.0993 3 2 0
0.24755 21.0204 21.0204 3 2 0
0.248287 20.9556 20.9556 3 2 0
0.248839 20.9058 20.9058 3 2 0
0.249211 20.8715 20.8715 3 2 0
0.249406 20.8534 20.8534 3 2 0
0.249431 20.851 20.851 3 2 0
0.249291 20.8641 20.8641 3 2 0
0.248975 20.8933 20.8933 3 2 0
0.248481 20.9382 20.9382 3 2 0
0.247803 20.9984 20.9984 3 2 0
0.246935 21.0729 21.0729 3 2 0
0.245865 21.1608 21.1608 3 2 0
0.244578 21.261 21.261 3 2 0
0.243049 21.3722 21.3722 3 2 0
0.241242 21.493 21.493 3 2 0
0.2391 21.6221 21.6221 3 2 0
0.236533 21.7582 21.7582 3 2 0
0.233399 21.9003 21.9003 3 2 0
0.229467 22.0481 22.0481 3 2 0
0.22444 22.2037 22.2037 3 2 0
0.218123 22.3738 22.3738 3 2 0
0.210662 22.5705 22.5705 3 2 0
0.202405 22.8057 22.8057 3 2 0
0.193661 23.0879 23.0879 3 2 0
0.184653 23.4219 23.4219 3 2 0
0.175538 23.8099 23.8099 3 2 0
0.166429 24.2528 24.2528 3 2 0
0.157411 24.7511 24.7511 3 2 0
0.148547 25.3044 25.3044 3 2 0
0.13989 25.9129 25.9129 3 2 0
0.131471 26.5765 26.5765 3 2 0
0.123316 27.2956 27.2956 3 2 0
0.115445 28.071 28.071 3 2 0
0.107863 28.904 28.904 3 2 0
0.100576 29.7972 29.7972 3 2 0
0.0935744 30.7535 30.7535 3 2 0
0.0868599 31.7772 31.7772 3 2 0
0.080408 32.8741 32.8741 3 2 0
0.0742223 34.0513 34.0513 3 2 0
0.0682791 35.3175 35.3175 3 2 0
0.0625689 36.6828 36.6828 3 2 0
0.0570938 38.1573 38.1573 3 2 0
0.0518514 39.7498 39.7498 3 2 0
0.0467737 41.4971 41.4971 3 2 0
0.0420989 43.3181 43.3181 3 2 0
0.0377969 45.2122 45.2122 3 2 0
0.0335893 47.3078 47.3078 3 2 0
0.0302606 49.1592 49.1592 3 2 0
0.0274237 50.8906 50.8906 3 2 0
0.0248614 52.5852 52.5852 3 2 0
0.0227163 54.1014 54.1014 3 2 0
0.0208507 55.4889 55.4889 3 2 0
0.0190351 56.8918 56.8918 3 2 0
0.0175648 58.0536 58.0536 3 2 0
0.0162407 59.1045 59.1045 3 2 0
0.0150295 60.0518 60.0518 3 2 0
0.0139237 60.8839 60.8839 3 2 0
0.0129079 61.5968 61.5968 3 2 0
0.0119339 62.2052 62.2052 3 2 0
0.0110514 62.6601 62.6601 3 2 0
0.0102237 62.9664 62.9664 3 2 0
0.00944343 63.1055 63.1055 3 2 0
0.00870542 63.0533 63.0533 3 2 0
0.00800446 62.7787 62.7787 3 2 0
0.00733578 62.2414 62.2414 3 2 0
0.00669645 61.3899 61.3899 3 2 0
0.00608304 60.1566 60.1566 3 2 0
0.00549321 58.4555 58.4555 3 2 0
0.00492598 56.1825 56.1825 3 2 0
0.00438403 53.2402 53.2402 3 2 0
0.0038833 49.6798 49.6798 3 2 0
0.00350023 46.3601 46.3601 3 2 0
0.00343157 45.7165 45.7165 3 2 0
0.00365376 47.7497 47.7497 3 2 0
0.00413813 51.6016 51.6016 3 2 0
0.00467009 54.8996 54.8996 3 2 0
0.00522741 57.4796 57.4796 3 2 0
0.00580705 59.4329 59.4329 3 2 0
0.00640935 60.871 60.871 3 2 0
0.00703633 61.8898 61.8898 3 2 0
0.0076908 62.5653 62.5653 3 2 0
0.00837618 62.9559 62.9559 3 2 0
0.00909647 63.1068 63.1068 3 2 0
0.00985628 63.0531 63.0531 3 2 0
0.010661 62.8218 62.8218 3 2 0
0.0115172 62.4337 62.4337 3 2 0
0.0124323 61.9053 61.9053 3 2 0
0.0134154 61.2485 61.2485 3 2 0
0.014478 60.4722 60.4722 3 2 0
0.0156331 59.5828 59.5828 3 2 0
0.0168978 58.5839 58.5839 3 2 0
0.0182933 57.4765 57.4765 3 2 0
0.0198464 56.2599 56.2599 3 2 0
0.0215888 54.9329 54.9329 3 2 0
0.0235762 53.483 53.483 3 2 0
0.0258424 51.9215 51.9215 3 2 0
0.0284672 50.2365 50.2365 3 2 0
0.0315189 48.4367 48.4367 3 2 0
0.0350157 46.5673 46.5673 3 2 0
0.0389625 44.677 44.677 3 2 0
0.0434079 42.7879 42.7879 3 2 0
0.0481995 40.9841 40.9841 3 2 0
0.053264 39.3002 39.3002 3 2 0
0.0585864 37.7365 37.7365 3 2 0
0.0641498 36.2905 36.2905 3 2 0
0.0699249 34.9507 34.9507 3 2 0
0.0760487 33.6889 33.6889 3 2 0
0.0823351 32.5363 32.5363 3 2 0
0.0888502 31.4597 31.4597 3 2 0
0.0956744 30.4571 30.4571 3 2 0
0.102757 29.5191 29.5191 3 2 0
0.110134 28.6456 28.6456 3 2 0
0.117858 27.8239 27.8239 3 2 0
0.125819 27.0655 27.0655 3 2 0
0.134064 26.3642 26.3642 3 2 0
0.142557 25.7175 25.7175 3 2 0
0.151286 25.1266 25.1266 3 2 0
0.1602 24.5902 24.5902 3 2 0
0.169254 24.1094 24.1094 3 2 0
0.178372 23.6834 23.6834 3 2 0
0.187466 23.3126 23.3126 3 2 0
0.196407 22.9952 22.9952 3 2 0
0.20502 22.7284 22.7284 3 2 0
0.213061 22.5063 22.5063 3 2 0
0.220204 22.3192 22.3192 3 2 0
0.226138 22.1542 22.1542 3 2 0
0.230808 22.0009 22.0009 3 2 0
0.234465 21.8547 21.8547 3 2 0
0.237401 21.7143 21.7143 3 2 0
0.239821 21.5803 21.5803 3 2 0
0.241849 21.4536 21.4536 3 2 0
