0.35 0 0 2 1 0
0.347373 24.2756 24.2756 1 1 0
0.344737 24.0516 24.0516 1 1 0
0.339443 23.6221 23.6221 1 1 0
0.328772 22.8319 22.8319 1 1 0
0.312593 21.7969 21.7969 1 1 0
0.295455 20.8744 20.8744 2 1 0
0.270734 19.789 19.789 2 1 0
0.236149 18.6377 18.6377 2 1 0
0.201416 17.8057 17.8057 2 1 0
0.166636 17.2317 17.2317 2 1 0
0.131875 16.8896 16.8896 2 1 0
0.097189 16.7885 16.7885 2 1 0
0.0626428 16.9912 16.9912 2 1 0
0.0283526 17.6879 17.6879 2 1 0
-0.00535153 19.5501 19.5501 2 1 0
0.295455 20.8744 20.8744 4 2 0
0.295512 20.8772 20.8772 3 2 0
0.295512 20.8772 20.8772 3 2 0
0.295509 20.8774 20.8774 4 2 0
0.295493 20.8785 20.8785 4 2 0
0.295422 20.8835 20.8835 3 2 0
0.295214 20.898 20.898 3 2 0
0.294725 20.9318 20.9318 3 2 0
0.293996 20.9811 20.9811 3 2 0
0.293023 21.0452 21.0452 3 2 0
0.291794 21.1232 21.1232 3 2 0
0.290295 21.2138 21.2138 3 2 0
0.288502 21.3159 21.3159 3 2 0
0.286381 21.428 21.428 3 2 0
0.28388 21.5485 21.5485 3 2 0
0.280924 21.676 21.676 3 2 0
0.27739 21.8087 21.8087 3 2 0
0.273095 21.9453 21.9453 3 2 0
0.267774 22.0847 22.0847 3 2 0
0.26116 22.2284 22.2284 3 2 0
0.253217 22.3814 22.3814 3 2 0
0.244234 22.5527 22.5527 3 2 0
0.23459 22.7503 22.7503 3 2 0
0.224576 22.9791 22.9791 3 2 0
0.214391 23.2419 23.2419 3 2 0
0.204172 23.5391 23.5391 3 2 0
0.194014 23.8707 23.8707 3 2 0
0.183988 24.2359 24.2359 3 2 0
0.174144 24.6337 24.6337 3 2 0
0.16452 25.0631 25.0631 3 2 0
0.155144 25.5228 25.5228 3 2 0
0.146035 26.0119 26.0119 3 2 0
0.137209 26.5293 26.5293 3 2 0
0.12867 27.0742 27.0742 3 2 0
0.120424 27.6458 27.6458 3 2 0
0.112478 28.2437 28.2437 3 2 0
0.104819 28.8672 28.8672 3 2 0
0.0974474 29.5167 29.5167 3 2 0
0.0903557 30.1917 30.1917 3 2 0
0.0835361 30.8924 30.8924 3 2 0
0.0769678 31.6217 31.6217 3 2 0
0.0706522 32.3769 32.3769 3 2 0
0.0645819 33.1604 33.1604 3 2 0
0.058699 33.9805 33.9805 3 2 0
0.0530665 34.8282 34.8282 3 2 0
0.0476074 35.7136 35.7136 3 2 0
0.0423101 36.6441 36.6441 3 2 0
0.0372172 37.6109 37.6109 3 2 0
0.0322831 38.6267 38.6267 3 2 0
0.027369 39.725 39.725 3 2 0
0.0226928 40.8622 40.8622 3 2 0
0.0181346 42.0703 42.0703 3 2 0
0.0136838 43.3632 43.3632 3 2 0
0.00931187 44.7512 44.7512 3 2 0
0.0050013 46.2586 46.2586 3 2 0
0.000791347 47.8874 47.8874 3 2 0
-0.00332048 49.6523 49.6523 3 2 0
